0 0.21640625 0.76640625 0.0375 0.1546875
0 0.1734375 0.76796875 0.0390625 0.1796875
0 0.13125 0.7578125 0.034375 0.1328125
0 0.0765625 0.75859375 0.040625 0.165625
0 0.01484375 0.76953125 0.0296875 0.1859375
0 0.025 0.40390625 0.05 0.1265625
0 0.06953125 0.3796875 0.034375 0.165625
0 0.1078125 0.40234375 0.040625 0.1390625
0 0.18671875 0.25859375 0.04375 0.0703125
0 0.0421875 0.06640625 0.046875 0.13125
0 0.09765625 0.07421875 0.053125 0.1484375
0 0.15546875 0.0515625 0.0546875 0.103125
0 0.2203125 0.0359375 0.040625 0.071875
0 0.2734375 0.046875 0.046875 0.09375
0 0.33203125 0.04296875 0.04375 0.084375
0 0.375 0.03515625 0.040625 0.06875
0 0.41015625 0.2734375 0.040625 0.065625
0 0.3625 0.2734375 0.03125 0.0734375
0 0.32421875 0.27421875 0.03125 0.0625
0 0.27734375 0.2765625 0.028125 0.0390625
0 0.63125 0.0203125 0.0625 0.040625
0 0.9453125 0.13203125 0.0390625 0.109375
0 0.884375 0.1296875 0.0328125 0.096875
0 0.81484375 0.140625 0.0484375 0.121875
0 0.7515625 0.153125 0.03125 0.11875
0 0.69296875 0.1609375 0.028125 0.09375
0 0.6515625 0.16484375 0.034375 0.1015625
0 0.59296875 0.16953125 0.040625 0.125
0 0.553125 0.13984375 0.04375 0.090625
0 0.77734375 0.3 0.03125 0.103125
0 0.8375 0.28515625 0.03125 0.1046875
0 0.89140625 0.28359375 0.0296875 0.1
0 0.9484375 0.29375 0.04375 0.128125
0 0.96875 0.64453125 0.0625 0.071875
0 0.965625 0.7171875 0.05625 0.146875
0 0.94921875 0.70625 0.0453125 0.109375
0 0.97265625 0.74140625 0.053125 0.065625
0 0.96640625 0.78828125 0.0671875 0.0984375
0 0.975 0.7640625 0.05 0.059375
0 0.9578125 0.72734375 0.0546875 0.1140625
0 0.23125 0.25703125 0.0296875 0.065625