0 0.0390625 0.07734375 0.078125 0.0609375
0 0.12578125 0.25234375 0.12109375 0.125
0 0.1390625 0.034375 0.13984375 0.06875
0 0.18984375 0.053125 0.11171875 0.04453125
0 0.27265625 0.04921875 0.1203125 0.05390625
0 0.48046875 0.0515625 0.2015625 0.0984375
0 0.4375 0.08828125 0.14140625 0.053125
0 0.52109375 0.1046875 0.14296875 0.0625
0 0.68125 0.0984375 0.11015625 0.06875
0 0.63515625 0.15703125 0.115625 0.06484375
0 0.45703125 0.196875 0.08203125 0.05859375
0 0.35078125 0.190625 0.1453125 0.04921875
0 0.40625 0.25625 0.06328125 0.08671875
0 0.37109375 0.2859375 0.075 0.10625
0 0.72421875 0.36484375 0.340625 0.115625
0 0.68515625 0.39765625 0.159375 0.0453125
0 0.11640625 0.321875 0.08515625 0.08125
0 0.18828125 0.3125 0.115625 0.0671875
0 0.11015625 0.43671875 0.1859375 0.10078125
0 0.09296875 0.421875 0.15078125 0.06015625
0 0.17890625 0.4234375 0.1640625 0.090625
0 0.375 0.40390625 0.15234375 0.06953125
0 0.46328125 0.48125 0.0625 0.06328125
0 0.4140625 0.4828125 0.06796875 0.11015625
0 0.30546875 0.4390625 0.09375 0.08125
0 0.32734375 0.540625 0.1 0.11796875
0 0.1984375 0.5109375 0.1296875 0.059375
0 0.0296875 0.55234375 0.05859375 0.05
0 0.090625 0.57890625 0.1203125 0.053125
0 0.025 0.6359375 0.04921875 0.04296875
0 0.165625 0.634375 0.06171875 0.0828125
0 0.0421875 0.70390625 0.084375 0.0671875
0 0.04296875 0.75859375 0.05859375 0.0765625
0 0.1515625 0.721875 0.09296875 0.0875
0 0.30234375 0.82578125 0.1 0.1203125
0 0.0296875 0.92109375 0.05859375 0.05546875
0 0.20546875 0.940625 0.10234375 0.059375
0 0.31171875 0.91875 0.13046875 0.084375
0 0.45078125 0.946875 0.103125 0.096875
0 0.74140625 0.89140625 0.153125 0.08828125
0 0.65234375 0.89296875 0.2734375 0.11484375
0 0.45078125 0.8625 0.0796875 0.06015625
0 0.48671875 0.871875 0.0953125 0.0953125
0 0.6921875 0.721875 0.07421875 0.0921875
0 0.771875 0.7453125 0.0953125 0.05625
0 0.3171875 0.66328125 0.14765625 0.09765625
0 0.39296875 0.65 0.12734375 0.10625
0 0.26484375 0.56328125 0.1 0.040625
0 0.40546875 0.665625 0.07109375 0.0578125
0 0.5125 0.6015625 0.06953125 0.07265625
0 0.88515625 0.43515625 0.1703125 0.05078125
0 0.7921875 0.5734375 0.14296875 0.109375
0 0.825 0.6109375 0.08515625 0.09140625
0 0.60703125 0.696875 0.12265625 0.09296875
0 0.54296875 0.7328125 0.08515625 0.084375
0 0.55078125 0.69453125 0.14765625 0.096875
0 0.41640625 0.796875 0.06796875 0.1984375
0 0.45234375 0.73203125 0.084375 0.1296875
0 0.546875 0.7609375 0.08984375 0.05703125
0 0.48515625 0.815625 0.1171875 0.0453125
0 0.82421875 0.18515625 0.08515625 0.0453125
0 0.86640625 0.4890625 0.13984375 0.08125
0 0.56171875 0.54921875 0.075 0.04921875
0 0.0328125 0.81796875 0.06484375 0.0640625
0 0.01640625 0.02109375 0.0328125 0.0421875
0 0.675 0.0234375 0.10703125 0.04609375
0 0.1953125 0.35546875 0.11640625 0.06875
0 0.61171875 0.74921875 0.125 0.128125