0 0.50078125 0.1234375 0.1 0.15
0 0.33515625 0.0296875 0.1390625 0.059375
0 0.32265625 0.15 0.1375 0.134375
0 0.328125 0.31015625 0.146875 0.153125
0 0.30625 0.49375 0.125 0.096875
0 0.68125 0.26953125 0.134375 0.10625
0 0.56015625 0.34921875 0.16875 0.1125
0 0.77578125 0.41640625 0.15 0.1578125
0 0.92578125 0.48671875 0.1484375 0.1390625
0 0.78671875 0.6484375 0.1609375 0.121875
0 0.81015625 0.8140625 0.1234375 0.128125
0 0.5140625 0.91484375 0.1 0.1375
0 0.4046875 0.82265625 0.2125 0.053125
0 0.7234375 0.47265625 0.171875 0.1328125
0 0.59296875 0.51328125 0.14375 0.090625
0 0.534375 0.61328125 0.1453125 0.1375
0 0.41484375 0.6609375 0.2140625 0.1109375
0 0.64921875 0.74609375 0.1046875 0.1625
0 0.54921875 0.78984375 0.0921875 0.103125
0 0.37421875 0.7375 0.278125 0.1234375