0 0.9796875 0.58125 0.040625 0.2578125
0 0.8625 0.60078125 0.11875 0.3359375
0 0.71640625 0.71015625 0.1125 0.303125
0 0.5609375 0.76875 0.0859375 0.271875
0 0.42578125 0.7796875 0.1296875 0.384375
0 0.28203125 0.78984375 0.10625 0.325
0 0.16953125 0.8078125 0.0796875 0.259375
0 0.6171875 0.13515625 0.0875 0.0875
0 0.5046875 0.1515625 0.06875 0.13125
0 0.38359375 0.0984375 0.0625 0.10625
0 0.2578125 0.121875 0.06875 0.140625
0 0.1546875 0.1328125 0.06875 0.1578125
0 0.0390625 0.14296875 0.078125 0.140625