0 0.93984375 0.04375 0.1203125 0.0875
0 0.90546875 0.23828125 0.1890625 0.4046875
0 0.92421875 0.48671875 0.1515625 0.2296875
0 0.91171875 0.7375 0.125 0.2265625
0 0.86015625 0.94375 0.1984375 0.1125
0 0.66953125 0.43203125 0.225 0.115625
0 0.68046875 0.90078125 0.075 0.1984375
0 0.86015625 0.28359375 0.075 0.20625
0 0.915625 0.1546875 0.096875 0.209375
0 0.765625 0.04453125 0.065625 0.0890625
0 0.59453125 0.10546875 0.0875 0.2109375
0 0.72578125 0.10234375 0.1875 0.2046875
0 0.490625 0.74609375 0.2375 0.09375
0 0.5609375 0.90703125 0.1125 0.1859375
0 0.45859375 0.92890625 0.14375 0.140625
0 0.48671875 0.9546875 0.0765625 0.090625
0 0.18203125 0.9296875 0.1390625 0.140625
0 0.11640625 0.90390625 0.146875 0.190625
0 0.05703125 0.8046875 0.1140625 0.1453125
0 0.0109375 0.9375 0.01875 0.125
0 0.0671875 0.57734375 0.134375 0.1953125
0 0.25390625 0.78984375 0.228125 0.2703125
0 0.3203125 0.5390625 0.196875 0.196875
0 0.4140625 0.50078125 0.19375 0.11875
0 0.44140625 0.29765625 0.1125 0.146875
0 0.33515625 0.13046875 0.1828125 0.2609375
0 0.34921875 0.2078125 0.2890625 0.3703125
0 0.05078125 0.26953125 0.1015625 0.2578125
0 0.0296875 0.44921875 0.059375 0.103125
0 0.06640625 0.396875 0.0890625 0.178125
0 0.83125 0.10546875 0.090625 0.1359375
0 0.77890625 0.8125 0.103125 0.134375
0 0.9734375 0.971875 0.053125 0.05625
0 0.26484375 0.9578125 0.0890625 0.084375