0 0.034375 0.93828125 0.06875 0.121875
0 0.2078125 0.96171875 0.196875 0.0765625
0 0.6046875 0.9515625 0.1953125 0.096875
0 0.5890625 0.79765625 0.2453125 0.215625
0 0.7109375 0.8765625 0.1875 0.246875
0 0.94296875 0.93671875 0.1125 0.084375
0 0.90625 0.8640625 0.1875 0.10625
0 0.9734375 0.76484375 0.053125 0.1296875
0 0.92734375 0.70625 0.1453125 0.109375
0 0.8234375 0.75390625 0.1 0.1546875
0 0.71640625 0.6546875 0.175 0.2171875
0 0.45859375 0.68203125 0.16875 0.1859375
0 0.34296875 0.68203125 0.215625 0.0921875
0 0.1359375 0.83125 0.103125 0.228125
0 0.04453125 0.83046875 0.0890625 0.13125
0 0.02421875 0.69296875 0.0484375 0.2359375
0 0.08359375 0.55390625 0.1671875 0.0578125
0 0.1578125 0.6171875 0.271875 0.1171875
0 0.15625 0.678125 0.146875 0.225
0 0.796875 0.62734375 0.13125 0.1265625
0 0.8625 0.621875 0.1625 0.125
0 0.93359375 0.50703125 0.13125 0.153125
0 0.76640625 0.5328125 0.2203125 0.1125
0 0.15 0.50546875 0.3 0.109375
0 0.35859375 0.51015625 0.15625 0.1
0 0.55703125 0.55546875 0.16875 0.121875
0 0.57109375 0.48203125 0.215625 0.0875
0 0.51328125 0.446875 0.28125 0.10625
0 0.56953125 0.3890625 0.328125 0.146875
0 0.46953125 0.37578125 0.2625 0.0625
0 0.246875 0.3796875 0.21875 0.128125
0 0.1078125 0.43515625 0.121875 0.090625
0 0.03125 0.39453125 0.0625 0.184375
0 0.07890625 0.35234375 0.15625 0.10625
0 0.24296875 0.33046875 0.2359375 0.1078125
0 0.03125 0.253125 0.0625 0.175
0 0.7546875 0.42890625 0.19375 0.16875
0 0.95 0.38359375 0.1 0.1625
0 0.8390625 0.26171875 0.228125 0.16875
0 0.80859375 0.30859375 0.1859375 0.078125
0 0.6 0.25078125 0.2125 0.10625
0 0.54453125 0.32890625 0.234375 0.05625
0 0.38125 0.28984375 0.2 0.1609375
0 0.240625 0.21953125 0.134375 0.18125
0 0.1484375 0.203125 0.225 0.2265625
0 0.2484375 0.1171875 0.1375 0.0828125
0 0.07421875 0.08671875 0.1484375 0.1453125
0 0.171875 0.0265625 0.240625 0.053125
0 0.37109375 0.03046875 0.475 0.0609375
0 0.3 0.0734375 0.2625 0.1234375
0 0.45859375 0.1203125 0.2359375 0.134375
0 0.43515625 0.175 0.3 0.1390625
0 0.34140625 0.0109375 0.2234375 0.021875
0 0.959375 0.14765625 0.08125 0.2671875
0 0.7609375 0.01171875 0.2625 0.021875
0 0.88125 0.01171875 0.2375 0.0234375
0 0.8703125 0.09921875 0.10625 0.13125
0 0.79140625 0.10234375 0.1375 0.1625
0 0.7421875 0.13671875 0.10625 0.234375
0 0.65078125 0.12734375 0.128125 0.2