0 0.5078125 0.96484375 0.19375 0.0703125
0 0.63046875 0.8296875 0.271875 0.134375
0 0.91015625 0.925 0.1796875 0.15
0 0.9296875 0.896875 0.140625 0.140625
0 0.95546875 0.70234375 0.0890625 0.1125
0 0.3453125 0.18984375 0.0921875 0.121875
0 0.6609375 0.06171875 0.1078125 0.1234375
0 0.59140625 0.17265625 0.084375 0.125
0 0.440625 0.2296875 0.225 0.390625
0 0.4046875 0.3984375 0.078125 0.1375
0 0.2046875 0.425 0.175 0.21875
0 0.0234375 0.54921875 0.046875 0.11875
0 0.059375 0.7296875 0.11875 0.125
0 0.02265625 0.76875 0.04375 0.1
0 0.44765625 0.871875 0.115625 0.15
0 0.415625 0.91640625 0.178125 0.1671875
0 0.6203125 0.7203125 0.1421875 0.1609375
0 0.51171875 0.70625 0.20625 0.1171875
0 0.3734375 0.49453125 0.140625 0.1796875
0 0.34375 0.65078125 0.090625 0.203125
0 0.41640625 0.64296875 0.096875 0.15625
0 0.4640625 0.571875 0.13125 0.2609375
0 0.471875 0.65625 0.16875 0.165625
0 0.73515625 0.59140625 0.196875 0.08125
0 0.71796875 0.16015625 0.20625 0.275
0 0.80859375 0.5890625 0.14375 0.20625
0 0.80078125 0.36328125 0.1625 0.1515625
0 0.86171875 0.23125 0.1109375 0.253125
0 0.89375 0.47109375 0.153125 0.1484375
0 0.95390625 0.1515625 0.090625 0.178125
0 0.01953125 0.10703125 0.0375 0.1
0 0.06796875 0.29453125 0.1359375 0.096875
0 0.03125 0.915625 0.0625 0.16875
0 0.0234375 0.9546875 0.046875 0.090625
0 0.13125 0.93046875 0.125 0.1390625
0 0.0625 0.078125 0.125 0.096875
0 0.03046875 0.20703125 0.059375 0.1203125
0 0.02578125 0.028125 0.05 0.05625
0 0.79453125 0.20859375 0.08125 0.121875
0 0.97578125 0.34609375 0.0484375 0.2609375
0 0.9453125 0.51484375 0.109375 0.11875
0 0.2953125 0.9171875 0.09375 0.165625