0 0.0734375 0.47265625 0.07265625 0.17890625
0 0.103125 0.534375 0.04140625 0.18671875
0 0.01796875 0.634375 0.0359375 0.17265625
0 0.15859375 0.74921875 0.0609375 0.1890625
0 0.0578125 0.9421875 0.07734375 0.10234375
0 0.16875 0.9390625 0.10703125 0.121875
0 0.2640625 0.9296875 0.19140625 0.13984375
0 0.28203125 0.90078125 0.16015625 0.103125
0 0.37890625 0.9375 0.05703125 0.125
0 0.4125 0.96484375 0.02265625 0.0703125
0 0.43671875 0.9140625 0.04609375 0.171875
0 0.528125 0.96015625 0.0453125 0.0796875
0 0.56796875 0.95078125 0.09765625 0.0984375
0 0.63828125 0.7921875 0.07734375 0.140625
0 0.64453125 0.71640625 0.0828125 0.10859375
0 0.446875 0.740625 0.046875 0.19921875
0 0.4859375 0.7 0.0640625 0.1109375
0 0.3515625 0.7609375 0.18515625 0.128125
0 0.3296875 0.65625 0.18359375 0.0515625
0 0.1953125 0.5515625 0.06953125 0.09296875
0 0.225 0.46875 0.21015625 0.20625
0 0.26171875 0.44453125 0.14375 0.13203125
0 0.2703125 0.375 0.1109375 0.065625
0 0.3828125 0.303125 0.13203125 0.08671875
0 0.48984375 0.2984375 0.0953125 0.12109375
0 0.3296875 0.17578125 0.12421875 0.075
0 0.165625 0.10390625 0.0609375 0.07109375
0 0.2109375 0.046875 0.0625 0.09375
0 0.31015625 0.0609375 0.08984375 0.12109375
0 0.14453125 0.05078125 0.0484375 0.1015625
0 0.1859375 0.1953125 0.08984375 0.1359375
0 0.12890625 0.2453125 0.1203125 0.10078125
0 0.07890625 0.17890625 0.03203125 0.16328125
0 0.04140625 0.10234375 0.0828125 0.0390625
0 0.0296875 0.225 0.059375 0.21484375
0 0.48359375 0.53515625 0.23671875 0.09609375
0 0.4609375 0.59296875 0.18359375 0.0546875
0 0.75546875 0.54765625 0.0859375 0.196875
0 0.73515625 0.415625 0.0953125 0.07421875
0 0.7265625 0.36015625 0.31015625 0.27734375
0 0.590625 0.2140625 0.125 0.1171875
0 0.84453125 0.24296875 0.11484375 0.1
0 0.853125 0.35390625 0.2078125 0.10859375
0 0.98984375 0.41328125 0.0203125 0.08515625
0 0.89375 0.771875 0.09765625 0.11015625
0 0.86875 0.8578125 0.14609375 0.13984375
0 0.8546875 0.9546875 0.05625 0.08984375
0 0.96953125 0.8796875 0.0609375 0.165625
0 0.90859375 0.678125 0.1109375 0.13671875
0 0.54296875 0.73671875 0.071875 0.08984375
0 0.9796875 0.77734375 0.03984375 0.08828125
0 0.778125 0.12734375 0.15078125 0.06015625
0 0.5796875 0.08046875 0.05390625 0.1609375
0 0.96484375 0.0703125 0.0703125 0.13984375
0 0.43828125 0.3625 0.14921875 0.1421875
0 0.384375 0.40703125 0.06796875 0.07421875
0 0.53671875 0.428125 0.05859375 0.08359375
0 0.23828125 0.31640625 0.0765625 0.07109375
0 0.90078125 0.5375 0.1 0.1296875
0 0.94765625 0.48671875 0.0796875 0.10234375
0 0.52421875 0.80390625 0.1078125 0.1296875
0 0.978125 0.63125 0.04296875 0.0890625
0 0.403125 0.8703125 0.075 0.0953125
0 0.33046875 0.846875 0.0625 0.078125
0 0.25078125 0.83203125 0.090625 0.10625
0 0.26953125 0.77890625 0.09921875 0.08125