0 0.225 0.05390625 0.1421875 0.10625
0 0.01171875 0.1109375 0.0234375 0.1265625
0 0.01171875 0.2046875 0.0234375 0.1375
0 0.02578125 0.44296875 0.0515625 0.2296875
0 0.03828125 0.39296875 0.0609375 0.1609375
0 0.05703125 0.48828125 0.071875 0.1625
0 0.04921875 0.67109375 0.078125 0.125
0 0.11640625 0.61875 0.0734375 0.13125
0 0.16171875 0.415625 0.065625 0.09375
0 0.1546875 0.29453125 0.05625 0.165625
0 0.2296875 0.3578125 0.0984375 0.071875
0 0.2640625 0.31796875 0.121875 0.084375
0 0.353125 0.7203125 0.13125 0.3875
0 0.390625 0.67578125 0.0515625 0.18125
0 0.3046875 0.03828125 0.0921875 0.0765625
0 0.29375 0.11015625 0.0765625 0.13125
0 0.43515625 0.06328125 0.115625 0.1265625
0 0.41796875 0.04375 0.06875 0.0875
0 0.41953125 0.0984375 0.103125 0.1875
0 0.39765625 0.321875 0.078125 0.1734375
0 0.4859375 0.42265625 0.071875 0.071875
0 0.4875 0.36640625 0.125 0.078125
0 0.4375 0.24296875 0.0921875 0.10625
0 0.55390625 0.26796875 0.134375 0.1140625
0 0.5203125 0.12109375 0.06875 0.1484375
0 0.596875 0.03359375 0.0609375 0.065625
0 0.66015625 0.08359375 0.09375 0.0703125
0 0.7609375 0.0671875 0.1 0.10625
0 0.87890625 0.23984375 0.1375 0.1140625
0 0.9875 0.12890625 0.025 0.1171875
0 0.96796875 0.25 0.0625 0.15
0 0.98046875 0.40859375 0.0390625 0.11875
0 0.9515625 0.73984375 0.096875 0.175
0 0.94453125 0.63828125 0.1109375 0.3109375
0 0.92109375 0.40859375 0.06875 0.090625
0 0.93125 0.44921875 0.109375 0.109375
0 0.7609375 0.68359375 0.10625 0.084375
0 0.78671875 0.77421875 0.0640625 0.1078125
0 0.69375 0.25625 0.1125 0.16875
0 0.678125 0.34296875 0.121875 0.1453125
0 0.5796875 0.19609375 0.046875 0.1140625
0 0.69609375 0.35703125 0.065625 0.08125
0 0.6234375 0.47890625 0.0828125 0.078125
0 0.43359375 0.903125 0.0578125 0.19375
0 0.59140625 0.79765625 0.125 0.1625
0 0.63359375 0.834375 0.1046875 0.096875
0 0.73203125 0.58671875 0.10625 0.140625
0 0.7734375 0.51328125 0.096875 0.096875
0 0.72890625 0.52265625 0.1109375 0.16875
0 0.84609375 0.36953125 0.2265625 0.078125
0 0.771875 0.41015625 0.146875 0.096875
0 0.8046875 0.51796875 0.065625 0.103125
0 0.86796875 0.44765625 0.0515625 0.134375
0 0.1484375 0.834375 0.0515625 0.096875
0 0.4953125 0.8828125 0.09375 0.159375
0 0.56328125 0.53515625 0.05625 0.084375
0 0.34296875 0.1171875 0.078125 0.1328125
0 0.79140625 0.5921875 0.146875 0.1421875