0 0.18359375 0.81171875 0.190625 0.15
0 0.396875 0.86953125 0.15 0.1625
0 0.0265625 0.49765625 0.053125 0.11875
0 0.03515625 0.36484375 0.06875 0.125
0 0.084375 0.18046875 0.16875 0.090625
0 0.159375 0.259375 0.146875 0.0671875
0 0.25234375 0.2234375 0.1609375 0.159375
0 0.22578125 0.40703125 0.240625 0.1578125
0 0.1875 0.66171875 0.1640625 0.1859375
0 0.04609375 0.83515625 0.0921875 0.0875
0 0.925 0.30859375 0.15 0.23125
0 0.35 0.11484375 0.21875 0.2296875
0 0.46875 0.1359375 0.103125 0.10625
0 0.6265625 0.24921875 0.128125 0.090625
0 0.53515625 0.31953125 0.1109375 0.1078125
0 0.81015625 0.51796875 0.128125 0.14375
0 0.86328125 0.7875 0.246875 0.1375
0 0.728125 0.78359375 0.428125 0.19375
0 0.4578125 0.74453125 0.1375 0.153125
0 0.38359375 0.6109375 0.165625 0.3390625
0 0.5796875 0.46640625 0.234375 0.153125
0 0.675 0.4703125 0.203125 0.1375
0 0.57109375 0.52578125 0.14375 0.1234375
0 0.475 0.65078125 0.1875 0.05625
0 0.40859375 0.72734375 0.13125 0.0875
0 0.36640625 0.40234375 0.2296875 0.184375
0 0.36484375 0.41953125 0.10625 0.0875
0 0.2390625 0.084375 0.1328125 0.13125
0 0.09765625 0.06484375 0.19375 0.1296875
0 0.8125 0.0359375 0.375 0.071875
0 0.925 0.55546875 0.15 0.0875
0 0.815625 0.03359375 0.234375 0.0671875
0 0.0859375 0.0578125 0.171875 0.115625
0 0.56328125 0.57109375 0.134375 0.084375
0 0.66953125 0.553125 0.2015625 0.1921875