0 0.01171875 0.8140625 0.0234375 0.078125
0 0.0359375 0.646875 0.071875 0.2046875
0 0.0796875 0.6234375 0.159375 0.175
0 0.05078125 0.69453125 0.1 0.14375
0 0.08359375 0.7703125 0.1140625 0.090625
0 0.0328125 0.9078125 0.065625 0.16875
0 0.13515625 0.83515625 0.175 0.153125
0 0.096875 0.9109375 0.140625 0.1359375
0 0.10234375 0.96640625 0.11875 0.0671875
0 0.17265625 0.984375 0.1265625 0.03125
0 0.9421875 0.86953125 0.115625 0.2609375
0 0.934375 0.96484375 0.05 0.0703125
0 0.87421875 0.9359375 0.103125 0.128125
0 0.80546875 0.9046875 0.0609375 0.190625
0 0.75703125 0.92890625 0.2171875 0.1421875
0 0.71953125 0.87734375 0.1421875 0.165625
0 0.67109375 0.8625 0.209375 0.0890625
0 0.625 0.9234375 0.0875 0.153125
0 0.7 0.96640625 0.06875 0.0671875
0 0.64140625 0.9734375 0.15 0.053125
0 0.97734375 0.76171875 0.0453125 0.09375
0 0.96875 0.81953125 0.0625 0.1359375
0 0.83671875 0.8421875 0.2296875 0.1828125
0 0.79140625 0.80390625 0.140625 0.0984375
0 0.78515625 0.71328125 0.0609375 0.134375
0 0.8984375 0.7265625 0.203125 0.1109375
0 0.96484375 0.64453125 0.0703125 0.0546875
0 0.94140625 0.5578125 0.1171875 0.128125
0 0.8140625 0.571875 0.1109375 0.3125
0 0.85390625 0.52890625 0.128125 0.2125
0 0.6734375 0.7203125 0.075 0.1046875
0 0.59765625 0.7953125 0.153125 0.15
0 0.55078125 0.8765625 0.03125 0.203125
0 0.4890625 0.96953125 0.121875 0.0609375
0 0.4890625 0.88515625 0.0875 0.065625
0 0.51953125 0.82578125 0.15 0.128125
0 0.53046875 0.81015625 0.046875 0.078125
0 0.49296875 0.8125 0.059375 0.059375
0 0.4671875 0.83984375 0.0640625 0.103125
0 0.40703125 0.959375 0.178125 0.08125
0 0.359375 0.93828125 0.1671875 0.0453125
0 0.36328125 0.91015625 0.19375 0.0734375
0 0.234375 0.93828125 0.1578125 0.1234375
0 0.3109375 0.85390625 0.240625 0.0828125
0 0.4078125 0.7890625 0.1140625 0.096875
0 0.440625 0.703125 0.1125 0.134375
0 0.50390625 0.72578125 0.05625 0.128125
0 0.5546875 0.7078125 0.209375 0.203125
0 0.234375 0.75703125 0.1203125 0.1890625
0 0.10703125 0.7765625 0.175 0.153125
0 0.16171875 0.68125 0.14375 0.1390625
0 0.26328125 0.66796875 0.165625 0.3578125
0 0.11953125 0.52421875 0.159375 0.2234375
0 0.334375 0.68125 0.0421875 0.203125
0 0.37109375 0.6640625 0.05 0.2125
0 0.41171875 0.5890625 0.071875 0.09375
0 0.48359375 0.59765625 0.0765625 0.0890625
0 0.47265625 0.5234375 0.096875 0.1609375
0 0.53125 0.5265625 0.046875 0.13125
0 0.5421875 0.59453125 0.103125 0.153125
0 0.5921875 0.58515625 0.084375 0.134375
0 0.646875 0.584375 0.1296875 0.11875
0 0.6484375 0.53359375 0.084375 0.0484375
0 0.721875 0.62421875 0.084375 0.21875
0 0.75078125 0.54921875 0.0609375 0.25
0 0.9609375 0.37109375 0.078125 0.2546875
0 0.89453125 0.3515625 0.075 0.1125
0 0.94765625 0.046875 0.1046875 0.09375
0 0.9453125 0.09921875 0.109375 0.1984375
0 0.95859375 0.14453125 0.0828125 0.1125
0 0.975 0.24140625 0.05 0.0984375
0 0.88984375 0.2640625 0.19375 0.196875
0 0.865625 0.13828125 0.059375 0.159375
0 0.82890625 0.1 0.040625 0.19375
0 0.86171875 0.0640625 0.0875 0.128125
0 0.83984375 0.3875 0.10625 0.1421875
0 0.76640625 0.3859375 0.13125 0.13125
0 0.7328125 0.41875 0.0734375 0.146875
0 0.75703125 0.259375 0.134375 0.1671875
0 0.77890625 0.1671875 0.096875 0.28125
0 0.72421875 0.0953125 0.0640625 0.1609375
0 0.66640625 0.11640625 0.0765625 0.215625
0 0.79296875 0.0171875 0.09375 0.034375
0 0.6453125 0.02421875 0.2609375 0.0484375
0 0.5828125 0.10390625 0.115625 0.115625
0 0.5859375 0.159375 0.1703125 0.1515625
0 0.54140625 0.17109375 0.10625 0.08125
0 0.58125 0.23359375 0.2265625 0.13125
0 0.62109375 0.3125 0.18125 0.1625
0 0.64921875 0.38203125 0.065625 0.071875
0 0.66171875 0.44609375 0.165625 0.1640625
0 0.584375 0.43828125 0.1359375 0.1
0 0.55234375 0.3734375 0.125 0.10625
0 0.51328125 0.2859375 0.096875 0.1140625
0 0.4671875 0.4734375 0.0765625 0.159375
0 0.4546875 0.27421875 0.0765625 0.115625
0 0.38671875 0.13359375 0.1796875 0.1828125
0 0.453125 0.084375 0.184375 0.096875
0 0.43203125 0.06171875 0.1296875 0.09375
0 0.29375 0.11875 0.096875 0.2375
0 0.2921875 0.11484375 0.046875 0.090625
0 0.25 0.08046875 0.0859375 0.1609375
0 0.2640625 0.23203125 0.065625 0.1
0 0.21953125 0.171875 0.046875 0.196875
0 0.18828125 0.13125 0.065625 0.175
0 0.28828125 0.3046875 0.259375 0.171875
0 0.4046875 0.321875 0.16875 0.290625
0 0.38984375 0.490625 0.1734375 0.128125
0 0.365625 0.45078125 0.1515625 0.10625
0 0.28515625 0.421875 0.1625 0.078125
0 0.1875 0.4578125 0.0578125 0.065625
0 0.271875 0.5640625 0.13125 0.153125
0 0.13125 0.39375 0.103125 0.165625
0 0.0984375 0.46171875 0.046875 0.0625
0 0.04921875 0.41171875 0.0984375 0.2640625
0 0.0609375 0.31953125 0.0796875 0.146875
0 0.078125 0.23515625 0.15625 0.121875
0 0.0984375 0.10859375 0.05625 0.2171875
0 0.16484375 0.11484375 0.0703125 0.2296875
0 0.071875 0.05859375 0.053125 0.103125
0 0.03046875 0.0890625 0.0609375 0.096875
0 0.02890625 0.06015625 0.05625 0.11875
0 0.03828125 0.04453125 0.0765625 0.0875
0 0.04140625 0.16875 0.0828125 0.078125
0 0.0171875 0.29921875 0.034375 0.25
0 0.02578125 0.57265625 0.05 0.234375