0 0.0671875 0.01953125 0.09375 0.0375
0 0.84453125 0.15078125 0.25625 0.084375
0 0.65546875 0.11796875 0.084375 0.10625
0 0.1453125 0.0421875 0.128125 0.084375
0 0.13046875 0.0984375 0.2296875 0.1578125
0 0.58203125 0.1265625 0.096875 0.0859375
0 0.64375 0.26484375 0.153125 0.10625
0 0.66484375 0.1921875 0.121875 0.08125
0 0.2234375 0.24453125 0.1390625 0.1484375
0 0.1171875 0.20703125 0.1328125 0.1703125
0 0.03671875 0.25703125 0.0734375 0.146875
0 0.29375 0.35234375 0.1375 0.090625
0 0.0796875 0.34921875 0.159375 0.1125
0 0.01640625 0.365625 0.0328125 0.096875
0 0.1765625 0.4375 0.09375 0.096875
0 0.128125 0.44296875 0.0765625 0.06875
0 0.040625 0.46171875 0.08125 0.1140625
0 0.05703125 0.4875 0.1140625 0.165625
0 0.0234375 0.9484375 0.046875 0.1
0 0.078125 0.8671875 0.15625 0.0875
0 0.09140625 0.9421875 0.1828125 0.1125
0 0.22109375 0.76328125 0.1015625 0.10625
0 0.07109375 0.79296875 0.1421875 0.05625
0 0.1703125 0.67265625 0.1390625 0.0890625
0 0.05859375 0.734375 0.1171875 0.04375
0 0.071875 0.59375 0.14375 0.0828125
0 0.24609375 0.6046875 0.15 0.121875
0 0.32578125 0.60546875 0.1421875 0.071875
0 0.40625 0.80078125 0.1796875 0.21875
0 0.35703125 0.81015625 0.1 0.1640625
0 0.61640625 0.015625 0.115625 0.03125
0 0.48359375 0.05234375 0.1140625 0.0875
0 0.29765625 0.02109375 0.0625 0.040625
0 0.35859375 0.08515625 0.06875 0.05625
0 0.5546875 0.45390625 0.19375 0.075
0 0.56015625 0.56875 0.225 0.190625
0 0.8625 0.58203125 0.275 0.1703125
0 0.90546875 0.60703125 0.1734375 0.06875
0 0.31953125 0.54140625 0.115625 0.0921875
0 0.4953125 0.63515625 0.1484375 0.153125
0 0.9046875 0.83984375 0.190625 0.2125
0 0.7796875 0.8921875 0.184375 0.215625
0 0.70625 0.89140625 0.175 0.2171875
0 0.6390625 0.9171875 0.146875 0.165625
0 0.55078125 0.93984375 0.08125 0.1203125
0 0.521875 0.9734375 0.1203125 0.053125
0 0.5984375 0.97421875 0.0484375 0.0515625
0 0.425 0.95390625 0.184375 0.090625
0 0.865625 0.96328125 0.134375 0.0734375
0 0.1171875 0.5140625 0.0921875 0.084375
0 0.05390625 0.45625 0.10625 0.0875
0 0.5984375 0.76796875 0.128125 0.1046875