0 0.3875 0.859375 0.1109375 0.0703125
0 0.31484375 0.85703125 0.115625 0.06875
0 0.21796875 0.77265625 0.04375 0.1421875
0 0.15234375 0.7484375 0.040625 0.084375
0 0.1703125 0.7015625 0.096875 0.059375
0 0.0984375 0.728125 0.0921875 0.228125
0 0.128125 0.590625 0.0421875 0.071875
0 0.16953125 0.61015625 0.05625 0.0984375
0 0.1390625 0.44375 0.1296875 0.0953125
0 0.1234375 0.22109375 0.03125 0.109375
0 0.2390625 0.721875 0.059375 0.1109375
0 0.29765625 0.7078125 0.10625 0.0609375
0 0.4078125 0.778125 0.059375 0.1328125
0 0.3828125 0.6796875 0.046875 0.2375
0 0.36015625 0.67734375 0.025 0.109375
0 0.33125 0.62890625 0.05 0.115625
0 0.30078125 0.6296875 0.1 0.0625
0 0.23828125 0.6421875 0.09375 0.05
0 0.2484375 0.446875 0.09375 0.10625
0 0.20234375 0.39375 0.13125 0.084375
0 0.1828125 0.2734375 0.0375 0.084375
0 0.21484375 0.29140625 0.046875 0.115625
0 0.25703125 0.25390625 0.0515625 0.071875
0 0.3203125 0.0765625 0.1 0.134375
0 0.2828125 0.26875 0.0421875 0.121875
0 0.2671875 0.33984375 0.065625 0.04375
0 0.31171875 0.3890625 0.09375 0.071875
0 0.32421875 0.32265625 0.05625 0.071875
0 0.30078125 0.55 0.04375 0.096875
0 0.29921875 0.5 0.08125 0.071875
0 0.32109375 0.34765625 0.0625 0.0515625
0 0.37109375 0.284375 0.0640625 0.0765625
0 0.3546875 0.45234375 0.05625 0.071875
0 0.3625 0.3640625 0.046875 0.09375
0 0.384375 0.446875 0.0375 0.09375
0 0.37734375 0.53828125 0.046875 0.06875
0 0.55546875 0.79921875 0.034375 0.1
0 0.515625 0.7234375 0.0640625 0.06875
0 0.4765625 0.73671875 0.0890625 0.090625
0 0.68359375 0.63203125 0.1125 0.0671875
0 0.6328125 0.61328125 0.1 0.109375
0 0.6453125 0.56171875 0.040625 0.06875
0 0.56484375 0.65859375 0.0625 0.0671875
0 0.49296875 0.69140625 0.0796875 0.05
0 0.43046875 0.7 0.078125 0.059375
0 0.4140625 0.6484375 0.0390625 0.0546875
0 0.44765625 0.65703125 0.046875 0.06875
0 0.43359375 0.58515625 0.059375 0.096875
0 0.4546875 0.58828125 0.05 0.0984375
0 0.51171875 0.628125 0.1 0.0984375
0 0.50703125 0.5890625 0.075 0.053125
0 0.5484375 0.58359375 0.034375 0.053125
0 0.5640625 0.5546875 0.046875 0.10625
0 0.5859375 0.52578125 0.03125 0.203125
0 0.54375 0.4890625 0.059375 0.1015625
0 0.51796875 0.4984375 0.059375 0.1296875
0 0.471875 0.52265625 0.071875 0.084375
0 0.43515625 0.48984375 0.021875 0.115625
0 0.453125 0.4546875 0.01875 0.1015625
0 0.4265625 0.44765625 0.059375 0.140625
0 0.40234375 0.47109375 0.046875 0.125
0 0.48671875 0.42890625 0.0453125 0.0921875
0 0.4265625 0.38203125 0.034375 0.046875
0 0.40546875 0.3671875 0.06875 0.084375
0 0.425 0.28359375 0.071875 0.06875
0 0.43671875 0.22265625 0.05 0.0578125
0 0.459375 0.33984375 0.0359375 0.078125
0 0.48125 0.32734375 0.078125 0.09375
0 0.53046875 0.26875 0.109375 0.046875
0 0.56015625 0.2203125 0.06875 0.065625
0 0.6046875 0.26484375 0.0453125 0.078125
0 0.5359375 0.37109375 0.09375 0.053125
0 0.5484375 0.3484375 0.0734375 0.05625
0 0.55234375 0.30859375 0.0640625 0.040625
0 0.53671875 0.40234375 0.0859375 0.053125
0 0.58359375 0.38515625 0.028125 0.078125
0 0.60390625 0.53671875 0.01875 0.096875
0 0.61015625 0.4703125 0.034375 0.053125
0 0.63203125 0.46015625 0.01875 0.109375
0 0.61328125 0.4015625 0.028125 0.103125
0 0.63359375 0.2890625 0.03125 0.15
0 0.58984375 0.12109375 0.14375 0.0640625
0 0.4765625 0.165625 0.071875 0.0625
0 0.603125 0.35625 0.0296875 0.115625
0 0.59609375 0.3015625 0.025 0.1109375
0 0.6640625 0.3140625 0.0546875 0.084375
0 0.68359375 0.20625 0.0875 0.1125
0 0.65 0.37734375 0.034375 0.1234375
0 0.65546875 0.38828125 0.021875 0.075
0 0.67890625 0.3984375 0.084375 0.1015625
0 0.67890625 0.49921875 0.03125 0.1171875
0 0.7578125 0.490625 0.05 0.15625
0 0.76796875 0.48203125 0.034375 0.1
0 0.7984375 0.3453125 0.046875 0.0953125
0 0.79375 0.26015625 0.0875 0.0953125
0 0.77734375 0.1671875 0.071875 0.071875
0 0.73046875 0.34765625 0.071875 0.075
0 0.7390625 0.27421875 0.0359375 0.075
0 0.90390625 0.26796875 0.0875 0.059375