0 0.14765625 0.3484375 0.221875 0.15390625
0 0.4640625 0.109375 0.1765625 0.11640625
0 0.85703125 0.15703125 0.18984375 0.175
0 0.8875 0.36484375 0.15546875 0.12734375
0 0.35078125 0.27578125 0.18359375 0.178125
0 0.58671875 0.19609375 0.19296875 0.1359375
0 0.41015625 0.334375 0.20703125 0.14453125
0 0.55078125 0.38203125 0.17421875 0.096875
0 0.62421875 0.50078125 0.16875 0.146875
0 0.3375 0.5359375 0.18984375 0.125
0 0.303125 0.7296875 0.14140625 0.1421875
0 0.490625 0.64921875 0.11640625 0.18359375
0 0.753125 0.55859375 0.2375 0.1171875
0 0.8125 0.640625 0.315625 0.13828125
0 0.603125 0.7015625 0.09921875 0.1125
0 0.7703125 0.73984375 0.2359375 0.06328125
0 0.64609375 0.84140625 0.128125 0.1515625
0 0.640625 0.0171875 0.06015625 0.034375
0 0.8515625 0.0296875 0.10703125 0.05859375