0 0.25703125 0.86171875 0.115625 0.14375
0 0.0453125 0.91953125 0.0828125 0.0734375
0 0.121875 0.85546875 0.134375 0.0640625
0 0.10546875 0.7359375 0.121875 0.0625
0 0.12734375 0.70859375 0.08125 0.053125
0 0.3578125 0.7671875 0.19375 0.084375
0 0.3625 0.84375 0.13125 0.15625
0 0.29140625 0.83984375 0.0609375 0.0625
0 0.353125 0.90234375 0.0796875 0.0515625
0 0.3078125 0.659375 0.171875 0.05
0 0.309375 0.70234375 0.1234375 0.046875
0 0.2171875 0.7265625 0.065625 0.040625
0 0.40546875 0.71171875 0.078125 0.065625
0 0.52109375 0.9453125 0.053125 0.109375
0 0.47265625 0.9203125 0.0578125 0.159375
0 0.6953125 0.96484375 0.11875 0.0703125
0 0.61015625 0.9421875 0.071875 0.0953125
0 0.0328125 0.234375 0.065625 0.05
0 0.09453125 0.24765625 0.0703125 0.0890625
0 0.0546875 0.303125 0.109375 0.128125
0 0.0359375 0.3984375 0.059375 0.0671875
0 0.05078125 0.4640625 0.1015625 0.096875
0 0.078125 0.509375 0.15625 0.0625
0 0.0484375 0.56953125 0.0875 0.128125
0 0.15625 0.60546875 0.275 0.05625
0 0.20078125 0.63515625 0.1328125 0.028125
0 0.075 0.65546875 0.071875 0.078125
0 0.28671875 0.5671875 0.175 0.10625
0 0.50625 0.7625 0.06875 0.121875
0 0.54453125 0.85625 0.103125 0.0609375
0 0.71015625 0.88828125 0.2546875 0.1546875
0 0.96953125 0.96875 0.0609375 0.0625
0 0.92265625 0.96796875 0.125 0.0640625
0 0.89609375 0.91171875 0.2078125 0.0484375
0 0.915625 0.8671875 0.16875 0.065625
0 0.9265625 0.8 0.14375 0.1140625
0 0.96875 0.8046875 0.0625 0.08125
0 0.9203125 0.7609375 0.059375 0.0609375
0 0.7921875 0.7625 0.225 0.078125
0 0.578125 0.7359375 0.1859375 0.1015625
0 0.45703125 0.58515625 0.15 0.13125
0 0.61484375 0.6953125 0.1921875 0.059375
0 0.71953125 0.69140625 0.071875 0.109375
0 0.8 0.70546875 0.18125 0.059375
0 0.878125 0.69140625 0.1515625 0.0546875
0 0.87109375 0.65859375 0.1375 0.059375
0 0.86640625 0.63046875 0.20625 0.109375
0 0.97109375 0.70546875 0.0578125 0.05
0 0.90234375 0.6015625 0.14375 0.10625
0 0.93359375 0.55 0.1328125 0.0703125
0 0.8640625 0.41484375 0.18125 0.09375
0 0.8296875 0.34921875 0.1234375 0.0609375
0 0.79609375 0.475 0.121875 0.09375
0 0.71875 0.4421875 0.065625 0.09375
0 0.6671875 0.5265625 0.284375 0.059375
0 0.75625 0.63359375 0.1734375 0.115625
0 0.74609375 0.55859375 0.075 0.0546875
0 0.63046875 0.6484375 0.140625 0.0234375
0 0.4203125 0.4703125 0.115625 0.0515625
0 0.59453125 0.4734375 0.215625 0.08125
0 0.89140625 0.503125 0.0703125 0.0765625
0 0.978125 0.2515625 0.04375 0.075
0 0.8015625 0.25546875 0.084375 0.14375
0 0.9203125 0.25625 0.14375 0.078125
0 0.9734375 0.16328125 0.053125 0.090625
0 0.69921875 0.17578125 0.4796875 0.140625
0 0.66953125 0.38359375 0.175 0.1125
0 0.659375 0.3296875 0.2703125 0.103125
0 0.70625 0.20703125 0.1125 0.0609375
0 0.7875 0.1328125 0.303125 0.05
0 0.32578125 0.49765625 0.1 0.134375
0 0.25078125 0.47734375 0.134375 0.121875
0 0.1546875 0.52890625 0.046875 0.2140625
0 0.19765625 0.321875 0.1140625 0.08125
0 0.4375 0.4046875 0.33125 0.078125
0 0.3796875 0.3671875 0.2078125 0.04375
0 0.371875 0.328125 0.140625 0.059375
0 0.4734375 0.3203125 0.0765625 0.0625
0 0.540625 0.275 0.090625 0.071875
0 0.4140625 0.21015625 0.20625 0.053125
0 0.4 0.14375 0.1875 0.0453125
0 0.18515625 0.23984375 0.1375 0.109375
0 0.12109375 0.12265625 0.121875 0.1671875
0 0.07265625 0.16796875 0.1453125 0.10625
0 0.14140625 0.0375 0.21875 0.075
0 0.51015625 0.1046875 0.209375 0.06875
0 0.6484375 0.04453125 0.140625 0.0890625
0 0.58125 0.0140625 0.1 0.028125
0 0.4421875 0.04453125 0.1875 0.0890625
0 0.29140625 0.015625 0.1 0.03125
0 0.8 0.06015625 0.19375 0.1203125
0 0.87890625 0.06328125 0.1125 0.09375
0 0.92578125 0.07734375 0.1484375 0.15
0 0.59765625 0.60859375 0.1046875 0.065625
0 0.675 0.57421875 0.06875 0.065625
0 0.61875 0.2609375 0.06875 0.065625
0 0.3484375 0.2671875 0.078125 0.0625
0 0.28203125 0.346875 0.0640625 0.0390625
0 0.01796875 0.04765625 0.0359375 0.065625
0 0.20546875 0.10390625 0.1125 0.0921875
0 0.91328125 0.184375 0.103125 0.065625
0 0.15 0.66640625 0.1078125 0.065625
0 0.97890625 0.63203125 0.0421875 0.0859375