0 0.9546875 0.18203125 0.059375 0.165625
0 0.8921875 0.13828125 0.053125 0.14375
0 0.8265625 0.12109375 0.04375 0.1375
0 0.76484375 0.12109375 0.05625 0.171875
0 0.7046875 0.128125 0.053125 0.16875
0 0.65546875 0.12421875 0.0375 0.128125
0 0.86953125 0.38828125 0.046875 0.06875
0 0.81796875 0.384375 0.034375 0.06875
0 0.77265625 0.41015625 0.0359375 0.0453125
0 0.71796875 0.4109375 0.0359375 0.065625
0 0.67578125 0.409375 0.0390625 0.071875
0 0.62109375 0.4125 0.0484375 0.0625
0 0.96796875 0.521875 0.01875 0.1515625
0 0.959375 0.5421875 0.01875 0.134375
0 0.99140625 0.92421875 0.015625 0.1515625
0 0.94375 0.94453125 0.040625 0.109375
0 0.89609375 0.93203125 0.034375 0.134375
0 0.8390625 0.93671875 0.040625 0.1265625
0 0.67734375 0.87421875 0.0640625 0.0609375
0 0.440625 0.05546875 0.0359375 0.109375
0 0.36796875 0.07109375 0.0765625 0.1421875
0 0.45859375 0.26015625 0.0515625 0.0984375
0 0.4109375 0.2953125 0.0515625 0.125
0 0.34609375 0.29375 0.040625 0.0984375
0 0.29765625 0.2921875 0.034375 0.09375
0 0.29375 0.0609375 0.040625 0.121875
0 0.21640625 0.0609375 0.0453125 0.121875
0 0.2296875 0.28125 0.04375 0.128125
0 0.20546875 0.44921875 0.0375 0.109375
0 0.13828125 0.06015625 0.040625 0.11875
0 0.08125 0.0609375 0.0375 0.121875
0 0.0140625 0.06328125 0.028125 0.1265625
0 0.1546875 0.2671875 0.0484375 0.134375
0 0.13046875 0.43203125 0.0375 0.125
0 0.07578125 0.25390625 0.034375 0.10625
0 0.0109375 0.25546875 0.021875 0.1203125
0 0.06640625 0.4390625 0.03125 0.1125
0 0.0109375 0.4515625 0.021875 0.1375
0 0.24296875 0.81015625 0.0765625 0.0578125
0 0.32734375 0.8109375 0.06875 0.0671875
0 0.3171875 0.8921875 0.06875 0.059375
0 0.403125 0.803125 0.071875 0.0796875
0 0.484375 0.7921875 0.0546875 0.06875
0 0.63515625 0.82734375 0.0328125 0.1
0 0.5953125 0.81171875 0.05625 0.134375
0 0.621875 0.8921875 0.046875 0.04375
0 0.5625 0.83671875 0.05 0.09375
0 0.54375 0.8890625 0.0640625 0.071875
0 0.49765625 0.91953125 0.046875 0.071875
0 0.42265625 0.90546875 0.059375 0.071875
0 0.4796875 0.96640625 0.059375 0.0671875
0 0.3859375 0.96484375 0.04375 0.06875
0 0.4546875 0.9859375 0.075 0.028125
0 0.56328125 0.98125 0.0546875 0.0375
0 0.63828125 0.990625 0.059375 0.01875
0 0.6046875 0.93984375 0.071875 0.0484375
0 0.00546875 0.86875 0.0109375 0.059375
0 0.01484375 0.940625 0.0296875 0.11875
0 0.01015625 0.9453125 0.0203125 0.109375