0 0.05546875 0.49609375 0.0953125 0.234375
0 0.09453125 0.5765625 0.053125 0.2453125
0 0.16796875 0.86015625 0.08125 0.2484375
0 0.79765625 0.91171875 0.1 0.1765625
0 0.80546875 0.81640625 0.109375 0.1421875
0 0.54609375 0.8484375 0.0625 0.2625
0 0.59765625 0.79453125 0.084375 0.1453125
0 0.4203125 0.87421875 0.24375 0.16875
0 0.3921875 0.7375 0.240625 0.06875
0 0.21640625 0.6 0.090625 0.121875
0 0.2546875 0.49140625 0.2765625 0.271875
0 0.303125 0.459375 0.1890625 0.1734375
0 0.3140625 0.36796875 0.1453125 0.0859375
0 0.4625 0.2734375 0.171875 0.1140625
0 0.60234375 0.2671875 0.125 0.159375
0 0.3921875 0.10625 0.1625 0.0984375
0 0.17578125 0.02890625 0.0796875 0.0578125
0 0.36640625 0.0171875 0.11875 0.034375
0 0.203125 0.13203125 0.11875 0.178125
0 0.12890625 0.19765625 0.1578125 0.1328125
0 0.06328125 0.11015625 0.0421875 0.215625
0 0.034375 0.01796875 0.06875 0.034375
0 0.01875 0.17109375 0.0375 0.28125
0 0.59375 0.578125 0.3109375 0.125
0 0.5640625 0.6546875 0.240625 0.071875
0 0.94765625 0.59375 0.1046875 0.259375
0 0.925 0.42109375 0.125 0.096875
0 0.8546875 0.3484375 0.290625 0.3640625
0 0.73515625 0.15625 0.1640625 0.1546875
0 0.97109375 0.33984375 0.0578125 0.1421875
0 0.671875 0.84296875 0.09375 0.11875
0 0.94140625 0.0421875 0.1171875 0.078125
0 0.72109375 0.04296875 0.0703125 0.0859375
0 0.534375 0.35078125 0.196875 0.1875
0 0.4640625 0.41015625 0.090625 0.096875
0 0.6640625 0.4375 0.0765625 0.109375
0 0.27265625 0.29140625 0.1 0.09375
0 0.6484375 0.92265625 0.140625 0.1546875
0 0.48828125 0.97734375 0.0984375 0.0453125
0 0.39296875 0.96796875 0.08125 0.0625
0 0.28828125 0.9484375 0.1203125 0.103125
0 0.31328125 0.89765625 0.1296875 0.10625