0 0.27265625 0.834375 0.034375 0.140625
0 0.2328125 0.83359375 0.03125 0.140625
0 0.19375 0.8265625 0.03125 0.1
0 0.1421875 0.82109375 0.028125 0.1515625
0 0.078125 0.83125 0.0390625 0.146875
0 0.1015625 0.49140625 0.0375 0.1
0 0.146875 0.47421875 0.025 0.128125
0 0.17578125 0.4921875 0.03125 0.11875
0 0.06875 0.13515625 0.034375 0.121875
0 0.1265625 0.1921875 0.03125 0.10625
0 0.17734375 0.18984375 0.0390625 0.1375
0 0.23125 0.15703125 0.040625 0.1140625
0 0.28828125 0.14375 0.03125 0.1125
0 0.3375 0.146875 0.04375 0.1390625
0 0.3953125 0.15703125 0.0375 0.11875
0 0.43125 0.15234375 0.028125 0.1
0 0.45859375 0.3890625 0.03125 0.053125
0 0.41640625 0.3890625 0.0265625 0.05625
0 0.37890625 0.38671875 0.025 0.0515625
0 0.33671875 0.38671875 0.025 0.0375
0 0.29765625 0.3671875 0.025 0.0515625
0 0.25390625 0.36484375 0.034375 0.04375
0 0.93984375 0.42734375 0.040625 0.10625
0 0.93984375 0.278125 0.028125 0.1
0 0.9421875 0.13125 0.0390625 0.1
0 0.88984375 0.41953125 0.025 0.08125
0 0.88671875 0.28125 0.034375 0.0921875
0 0.884375 0.12578125 0.034375 0.0984375
0 0.840625 0.12265625 0.034375 0.1
0 0.77890625 0.1171875 0.034375 0.096875
0 0.825 0.284375 0.0375 0.109375
0 0.84140625 0.4109375 0.03125 0.1015625
0 0.7875 0.4265625 0.028125 0.0921875
0 0.7671875 0.29609375 0.0328125 0.1
0 0.7203125 0.1140625 0.0328125 0.1
0 0.7140625 0.3015625 0.028125 0.090625
0 0.67734375 0.30078125 0.040625 0.075
0 0.66171875 0.11875 0.059375 0.140625
0 0.60546875 0.1 0.028125 0.10625
0 0.625 0.3 0.0375 0.1
0 0.58984375 0.27421875 0.04375 0.0828125
0 0.990625 0.81328125 0.01875 0.1109375
0 0.96015625 0.8703125 0.078125 0.071875
0 0.93359375 0.809375 0.040625 0.103125
0 0.9453125 0.815625 0.04375 0.10625
0 0.95859375 0.7484375 0.053125 0.0546875
0 0.9671875 0.85234375 0.065625 0.0546875
0 0.96640625 0.83515625 0.0671875 0.0484375
0 0.98828125 0.80859375 0.021875 0.1140625
0 0.95 0.7515625 0.0375 0.040625