0 0.1125 0.75625 0.08828125 0.07890625
0 0.35234375 0.89609375 0.07421875 0.0765625
0 0.43671875 0.85546875 0.21640625 0.0984375
0 0.275 0.80625 0.09921875 0.0875
0 0.7125 0.87265625 0.0875 0.1890625
0 0.675 0.815625 0.07421875 0.06640625
0 0.6265625 0.85 0.0546875 0.06328125
0 0.58671875 0.84453125 0.05078125 0.096875
0 0.55078125 0.78984375 0.04921875 0.0546875
0 0.85 0.75703125 0.1703125 0.05
0 0.84765625 0.70390625 0.1625 0.075
0 0.91328125 0.64375 0.05234375 0.0703125
0 0.915625 0.6046875 0.11171875 0.034375
0 0.95546875 0.5890625 0.07734375 0.046875
0 0.94765625 0.471875 0.10390625 0.0484375
0 0.97578125 0.421875 0.046875 0.05390625
0 0.7265625 0.6453125 0.1484375 0.0375
0 0.56015625 0.6875 0.09296875 0.06796875
0 0.57421875 0.71015625 0.11875 0.0796875
0 0.57109375 0.74453125 0.10390625 0.06484375
0 0.615625 0.746875 0.071875 0.08671875
0 0.65703125 0.7453125 0.09921875 0.0984375
0 0.34453125 0.70546875 0.0828125 0.06484375
0 0.44921875 0.82578125 0.1296875 0.0578125
0 0.25234375 0.740625 0.10390625 0.09921875
0 0.2484375 0.70390625 0.0984375 0.06953125
0 0.23828125 0.67265625 0.0890625 0.10390625
0 0.209375 0.66640625 0.0703125 0.10625
0 0.18046875 0.54375 0.1296875 0.04140625
0 0.30546875 0.6140625 0.0625 0.06328125
0 0.390625 0.63125 0.08515625 0.06015625
0 0.44375 0.590625 0.040625 0.06953125
0 0.46953125 0.6265625 0.08125 0.0859375
0 0.590625 0.596875 0.06875 0.0625
0 0.57421875 0.5671875 0.090625 0.05
0 0.5515625 0.52890625 0.07578125 0.0890625
0 0.6875 0.52265625 0.0546875 0.0578125
0 0.6328125 0.5125 0.046875 0.06875
0 0.778125 0.534375 0.075 0.07265625
0 0.78203125 0.48671875 0.10390625 0.028125
0 0.74296875 0.6046875 0.11171875 0.07578125
0 0.740625 0.62421875 0.0703125 0.0453125
0 0.35546875 0.5640625 0.0484375 0.1078125
0 0.32109375 0.57578125 0.05390625 0.03984375
0 0.33984375 0.575 0.03828125 0.0734375
0 0.22890625 0.50390625 0.08671875 0.05546875
0 0.3109375 0.48828125 0.05625 0.0765625
0 0.275 0.48359375 0.06015625 0.0546875
0 0.39609375 0.46875 0.05390625 0.03828125
0 0.8421875 0.4015625 0.11015625 0.0984375
0 0.8671875 0.33203125 0.06796875 0.028125
0 0.784375 0.328125 0.06171875 0.08828125
0 0.81875 0.38515625 0.075 0.05625
0 0.7453125 0.43828125 0.09296875 0.04140625
0 0.65546875 0.43984375 0.08203125 0.0625
0 0.6453125 0.41875 0.04140625 0.0359375
0 0.584375 0.4453125 0.07890625 0.0453125
0 0.46953125 0.42109375 0.09453125 0.05234375
0 0.47734375 0.3859375 0.18984375 0.0296875
0 0.37265625 0.35546875 0.0859375 0.05078125
0 0.3171875 0.34921875 0.1234375 0.075
0 0.309375 0.40703125 0.04296875 0.075
0 0.25625 0.421875 0.0875 0.0875
0 0.21171875 0.396875 0.040625 0.06875
0 0.1625 0.446875 0.0484375 0.0765625
0 0.12578125 0.38203125 0.06640625 0.059375
0 0.59609375 0.39140625 0.0640625 0.03984375
0 0.52734375 0.35390625 0.1015625 0.04140625
0 0.453125 0.3609375 0.0515625 0.03828125
0 0.43046875 0.26875 0.05703125 0.0796875
0 0.3515625 0.25390625 0.0703125 0.07109375
0 0.2390625 0.2578125 0.13515625 0.05
0 0.215625 0.22578125 0.1 0.02890625
0 0.496875 0.27265625 0.084375 0.09140625
0 0.56484375 0.303125 0.0984375 0.05234375
0 0.62109375 0.29375 0.08828125 0.04765625
0 0.653125 0.278125 0.0546875 0.05
0 0.58828125 0.246875 0.04453125 0.065625
0 0.6171875 0.23984375 0.06171875 0.0921875
0 0.70625 0.2421875 0.06796875 0.0625
0 0.63203125 0.36640625 0.08359375 0.07890625
0 0.67109375 0.36953125 0.07890625 0.08046875
0 0.66640625 0.315625 0.10390625 0.04140625
0 0.73359375 0.27734375 0.0765625 0.03828125
0 0.76015625 0.246875 0.09453125 0.03515625
0 0.85390625 0.2484375 0.078125 0.11953125
0 0.53203125 0.20625 0.05078125 0.0453125
0 0.475 0.18359375 0.0890625 0.07734375
0 0.55703125 0.1625 0.05625 0.04453125
0 0.60859375 0.17734375 0.0796875 0.05078125
0 0.7453125 0.1640625 0.125 0.05859375
0 0.77421875 0.128125 0.059375 0.0453125
0 0.6453125 0.10625 0.0546875 0.06796875
0 0.5875 0.05546875 0.0421875 0.0796875
0 0.5375 0.078125 0.11328125 0.0390625
0 0.43125 0.08828125 0.07265625 0.0625
0 0.38671875 0.13125 0.04453125 0.0703125
0 0.33046875 0.1453125 0.04609375 0.109375
0 0.4234375 0.5546875 0.1015625 0.0484375