0 0.240625 0.16015625 0.18671875 0.059375
0 0.49453125 0.16328125 0.15859375 0.059375
0 0.75546875 0.165625 0.1765625 0.06484375
0 0.7546875 0.2640625 0.1703125 0.05234375
0 0.25078125 0.24296875 0.13828125 0.04140625
0 0.49765625 0.25625 0.14140625 0.04765625
0 0.2578125 0.32734375 0.16640625 0.04921875
0 0.47265625 0.36015625 0.18515625 0.05703125
0 0.759375 0.340625 0.16875 0.04765625
0 0.76484375 0.44609375 0.175 0.059375
0 0.7578125 0.55234375 0.17265625 0.05078125
0 0.4515625 0.4609375 0.178125 0.053125
0 0.21953125 0.41953125 0.153125 0.04296875
0 0.75546875 0.6609375 0.25390625 0.09921875
0 0.790625 0.765625 0.21796875 0.046875
0 0.43125 0.55390625 0.128125 0.040625
0 0.43125 0.62265625 0.14375 0.05703125
0 0.428125 0.715625 0.16640625 0.06015625
0 0.47109375 0.78125 0.15 0.0625