0 0.5734375 0.03203125 0.075 0.0640625
0 0.54921875 0.1875 0.10625 0.065625
0 0.61796875 0.1890625 0.109375 0.0640625
0 0.709375 0.2703125 0.0421875 0.1359375
0 0.77265625 0.29296875 0.0390625 0.0796875
0 0.7546875 0.33671875 0.0921875 0.05625
0 0.8234375 0.31171875 0.0875 0.215625
0 0.7953125 0.4421875 0.040625 0.0671875
0 0.75546875 0.42421875 0.053125 0.09375
0 0.784375 0.58203125 0.121875 0.090625
0 0.8 0.79296875 0.03125 0.103125
0 0.68984375 0.31796875 0.05625 0.10625
0 0.63359375 0.33125 0.1 0.0578125
0 0.5296875 0.26484375 0.05625 0.125
0 0.553125 0.3578125 0.04375 0.225
0 0.575 0.36015625 0.021875 0.103125
0 0.60234375 0.40546875 0.046875 0.109375
0 0.63125 0.4046875 0.0953125 0.059375
0 0.690625 0.39296875 0.0875 0.046875
0 0.68125 0.57890625 0.0875 0.1
0 0.725 0.6296875 0.125 0.0796875
0 0.74296875 0.74296875 0.0375 0.0796875
0 0.7125 0.72578125 0.04375 0.109375
0 0.67265625 0.7625 0.05 0.06875
0 0.6125 0.93046875 0.09375 0.128125
0 0.6484375 0.74765625 0.040625 0.115625
0 0.66328125 0.68046875 0.0625 0.0421875
0 0.62109375 0.63359375 0.0890625 0.06875
0 0.609375 0.69609375 0.053125 0.06875
0 0.63125 0.48046875 0.0421875 0.0921875
0 0.63203125 0.528125 0.078125 0.0671875
0 0.61171875 0.67265625 0.059375 0.05
0 0.5640625 0.7328125 0.0609375 0.071875
0 0.5796875 0.5734375 0.053125 0.0671875
0 0.57265625 0.65703125 0.0453125 0.0890625
0 0.5515625 0.57890625 0.0375 0.0890625
0 0.55859375 0.4921875 0.04375 0.065625
0 0.3890625 0.24453125 0.0328125 0.09375
0 0.42734375 0.31640625 0.0609375 0.0640625
0 0.46484375 0.30390625 0.084375 0.084375
0 0.26796875 0.403125 0.10625 0.0640625
0 0.31640625 0.42109375 0.09375 0.103125
0 0.3046875 0.4703125 0.040625 0.065625
0 0.38046875 0.378125 0.059375 0.0640625
0 0.44921875 0.346875 0.075 0.046875
0 0.5078125 0.33828125 0.075 0.05625
0 0.5234375 0.3875 0.0375 0.0515625
0 0.4921875 0.3796875 0.04375 0.065625
0 0.5046875 0.44765625 0.05625 0.090625
0 0.48515625 0.44453125 0.046875 0.09375
0 0.43046875 0.40703125 0.0953125 0.09375
0 0.43515625 0.44375 0.071875 0.05
0 0.39609375 0.44921875 0.0328125 0.05
0 0.38125 0.4765625 0.04375 0.1
0 0.36015625 0.50390625 0.0296875 0.1921875
0 0.4 0.5390625 0.05625 0.096875
0 0.425 0.5296875 0.05625 0.121875
0 0.46875 0.50625 0.0671875 0.08125
0 0.50390625 0.5375 0.01875 0.109375
0 0.48671875 0.571875 0.01875 0.096875
0 0.51171875 0.578125 0.05625 0.134375
0 0.53515625 0.55546875 0.04375 0.11875
0 0.4546875 0.5953125 0.04375 0.0875
0 0.5125 0.640625 0.03125 0.0453125
0 0.53203125 0.6546875 0.065625 0.0796875
0 0.51328125 0.73359375 0.06875 0.065625
0 0.50234375 0.79140625 0.046875 0.0546875
0 0.48046875 0.68046875 0.034375 0.0734375
0 0.46015625 0.69140625 0.075 0.0890625
0 0.41328125 0.74765625 0.1046875 0.0453125
0 0.38515625 0.79296875 0.065625 0.0625
0 0.34296875 0.7515625 0.04375 0.0734375
0 0.4078125 0.65078125 0.090625 0.05
0 0.39609375 0.671875 0.06875 0.053125
0 0.3921875 0.71015625 0.0609375 0.0375
0 0.40703125 0.62109375 0.08125 0.05
0 0.36328125 0.6375 0.028125 0.075
0 0.34296875 0.49375 0.01875 0.0921875
0 0.3375 0.55625 0.03125 0.05
0 0.3171875 0.56640625 0.0171875 0.103125
0 0.33515625 0.621875 0.0265625 0.096875
0 0.31484375 0.728125 0.028125 0.1421875
0 0.35703125 0.8875 0.1375 0.0609375
0 0.4640625 0.8453125 0.06875 0.059375
0 0.34453125 0.66484375 0.028125 0.109375
0 0.3515625 0.71640625 0.0234375 0.10625
0 0.28671875 0.7046875 0.0515625 0.0796875
0 0.26796875 0.80703125 0.08125 0.1078125
0 0.3 0.64453125 0.03125 0.1171875
0 0.29453125 0.634375 0.0203125 0.071875
0 0.27265625 0.625 0.08125 0.096875
0 0.271875 0.52890625 0.028125 0.1109375
0 0.196875 0.5375 0.0484375 0.1484375
0 0.18828125 0.5453125 0.034375 0.096875
0 0.15859375 0.675 0.04375 0.090625
0 0.16328125 0.75546875 0.08125 0.090625
0 0.17890625 0.84375 0.06875 0.06875
0 0.2234375 0.6734375 0.0671875 0.071875
0 0.21484375 0.74296875 0.034375 0.071875
0 0.05859375 0.7484375 0.084375 0.05625