0 0.05703125 0.9625 0.1140625 0.075
0 0.6375 0.97265625 0.11875 0.0546875
0 0.5859375 0.975 0.1 0.05
0 0.4671875 0.984375 0.06875 0.03125
0 0.41953125 0.9609375 0.0671875 0.075
0 0.82265625 0.91640625 0.2296875 0.0671875
0 0.81953125 0.8453125 0.21875 0.1
0 0.90859375 0.7640625 0.0703125 0.09375
0 0.9109375 0.71171875 0.15 0.046875
0 0.95625 0.690625 0.0875 0.0625
0 0.9421875 0.5328125 0.115625 0.065625
0 0.9796875 0.46484375 0.040625 0.071875
0 0.65703125 0.765625 0.2 0.05
0 0.43203125 0.82265625 0.125 0.090625
0 0.4515625 0.85390625 0.159375 0.10625
0 0.446875 0.9 0.140625 0.0875
0 0.50703125 0.903125 0.096875 0.115625
0 0.56171875 0.9015625 0.134375 0.1328125
0 0.140625 0.84765625 0.1125 0.0875
0 0.28203125 0.98515625 0.175 0.0296875
0 0.04296875 0.89453125 0.0859375 0.1328125
0 0.03828125 0.8453125 0.0765625 0.09375
0 0.02890625 0.80390625 0.0578125 0.140625
0 0.08828125 0.72421875 0.084375 0.0859375
0 0.203125 0.746875 0.115625 0.08125
0 0.275 0.6921875 0.0546875 0.09375
0 0.309375 0.740625 0.109375 0.115625
0 0.47265625 0.70078125 0.09375 0.084375
0 0.45078125 0.6609375 0.121875 0.0671875
0 0.4203125 0.609375 0.103125 0.1203125
0 0.60390625 0.60078125 0.075 0.078125
0 0.53046875 0.5875 0.0625 0.0921875
0 0.72578125 0.61640625 0.1015625 0.096875
0 0.73125 0.553125 0.140625 0.0375
0 0.67890625 0.7109375 0.15 0.103125
0 0.67578125 0.73828125 0.0953125 0.0609375
0 0.15546875 0.65703125 0.065625 0.1453125
0 0.10859375 0.6734375 0.071875 0.053125
0 0.134375 0.67109375 0.053125 0.0984375
0 0.02109375 0.575 0.0421875 0.075
0 0.09609375 0.55546875 0.075 0.103125
0 0.046875 0.5484375 0.08125 0.075
0 0.2109375 0.528125 0.0734375 0.0515625
0 0.81171875 0.43828125 0.15 0.1328125
0 0.84609375 0.34375 0.090625 0.0375
0 0.734375 0.3390625 0.0828125 0.11875
0 0.78046875 0.415625 0.1015625 0.075
0 0.68203125 0.4875 0.125 0.05625
0 0.56015625 0.4890625 0.1109375 0.084375
0 0.546875 0.4609375 0.05625 0.0484375
0 0.4640625 0.496875 0.10625 0.0609375
0 0.309375 0.4640625 0.128125 0.0703125
0 0.31953125 0.41640625 0.25625 0.040625
0 0.17890625 0.375 0.115625 0.06875
0 0.10390625 0.3671875 0.1671875 0.1015625
0 0.09375 0.4453125 0.059375 0.1015625
0 0.040625 0.46484375 0.08125 0.11875
0 0.48046875 0.42421875 0.0875 0.053125
0 0.3875 0.3734375 0.1375 0.05625
0 0.2875 0.38359375 0.06875 0.0515625
0 0.25625 0.25859375 0.0765625 0.1078125
0 0.15078125 0.23828125 0.09375 0.0953125
0 0.04453125 0.24296875 0.0890625 0.0671875
0 0.0171875 0.20078125 0.034375 0.0390625
0 0.346875 0.2640625 0.1140625 0.1234375
0 0.43828125 0.30546875 0.1328125 0.071875
0 0.51328125 0.2921875 0.11875 0.065625
0 0.55703125 0.27109375 0.075 0.0671875
0 0.4703125 0.22890625 0.059375 0.0875
0 0.50859375 0.21953125 0.0828125 0.125
0 0.62890625 0.22265625 0.090625 0.084375
0 0.52890625 0.390625 0.1125 0.10625
0 0.58203125 0.39453125 0.10625 0.109375
0 0.57578125 0.321875 0.140625 0.05625
0 0.665625 0.26953125 0.103125 0.0515625
0 0.70234375 0.2296875 0.128125 0.046875
0 0.82890625 0.23125 0.10625 0.1625
0 0.39375 0.1734375 0.06875 0.0609375
0 0.3171875 0.14375 0.1203125 0.1046875
0 0.42734375 0.115625 0.075 0.059375
0 0.496875 0.1359375 0.1078125 0.06875
0 0.68125 0.11796875 0.16875 0.078125
0 0.72109375 0.06875 0.0796875 0.0609375
0 0.5453125 0.0421875 0.075 0.084375
0 0.4671875 0.01171875 0.05625 0.0234375
0 0.40078125 0.0140625 0.153125 0.028125
0 0.25703125 0.028125 0.0984375 0.05625
0 0.19765625 0.0734375 0.059375 0.09375
0 0.121875 0.09140625 0.0625 0.146875
0 0.24765625 0.64453125 0.1375 0.065625