0 0.63828125 0.878125 0.18125 0.24375
0 0.96328125 0.71875 0.0734375 0.1421875
0 0.91015625 0.82265625 0.178125 0.215625
0 0.959375 0.9234375 0.08125 0.15
0 0.915625 0.96953125 0.065625 0.0609375
0 0.83359375 0.97578125 0.0953125 0.0484375
0 0.44140625 0.98359375 0.290625 0.0328125
0 0.83671875 0.5875 0.24375 0.5234375
0 0.95625 0.4265625 0.0875 0.221875
0 0.95625 0.60859375 0.0875 0.165625
0 0.840625 0.8265625 0.1328125 0.2546875
0 0.74140625 0.7015625 0.1359375 0.2125
0 0.603125 0.590625 0.10625 0.184375
0 0.6890625 0.3953125 0.171875 0.175
0 0.73828125 0.52890625 0.109375 0.1296875
0 0.89375 0.2859375 0.159375 0.165625
0 0.89296875 0.22421875 0.1453125 0.2046875
0 0.96484375 0.19296875 0.0703125 0.19375
0 0.5265625 0.071875 0.23125 0.14375
0 0.3609375 0.1125 0.10625 0.225
0 0.50390625 0.25859375 0.084375 0.2578125
0 0.5671875 0.24921875 0.075 0.33125
0 0.65859375 0.27109375 0.1 0.1625
0 0.359375 0.5171875 0.121875 0.3
0 0.49296875 0.8203125 0.1015625 0.1984375
0 0.23125 0.721875 0.1125 0.21875
0 0.1875 0.865625 0.190625 0.1765625
0 0.14296875 0.97890625 0.1296875 0.040625
0 0.31796875 0.71796875 0.08125 0.071875
0 0.40390625 0.82890625 0.128125 0.1890625
0 0.42578125 0.3703125 0.146875 0.1546875
0 0.41015625 0.25625 0.15 0.19375
0 0.278125 0.39140625 0.096875 0.20625
0 0.3046875 0.490625 0.1125 0.06875
0 0.17578125 0.415625 0.11875 0.1859375
0 0.0609375 0.2921875 0.084375 0.215625
0 0.1578125 0.24375 0.1375 0.178125
0 0.2609375 0.19453125 0.075 0.184375
0 0.2640625 0.0140625 0.1375 0.028125
0 0.2828125 0.0953125 0.06875 0.190625
0 0.19140625 0.0640625 0.153125 0.128125
0 0.04375 0.0453125 0.075 0.090625
0 0.02734375 0.096875 0.0546875 0.19375
0 0.09609375 0.56171875 0.1921875 0.2140625
0 0.11796875 0.7015625 0.159375 0.1578125
0 0.8671875 0.0796875 0.2046875 0.159375
0 0.771875 0.12578125 0.084375 0.1484375
0 0.1109375 0.83984375 0.221875 0.2109375
0 0.08046875 0.9046875 0.1609375 0.109375
0 0.78515625 0.97578125 0.084375 0.0484375
0 0.66484375 0.821875 0.0671875 0.0953125
0 0.309375 0.5609375 0.13125 0.115625
0 0.22421875 0.55078125 0.05 0.090625
0 0.00625 0.4078125 0.0125 0.0890625
0 0.0953125 0.0453125 0.075 0.090625
0 0.05546875 0.20390625 0.109375 0.13125