0 0.77265625 0.45546875 0.34375 0.153125
0 0.8390625 0.3421875 0.234375 0.0890625
0 0.8484375 0.20703125 0.078125 0.171875
0 0.93359375 0.20859375 0.1328125 0.103125
0 0.92890625 0.7125 0.1421875 0.071875
0 0.96953125 0.59453125 0.0609375 0.178125
0 0.8375 0.51328125 0.1171875 0.1125
0 0.78359375 0.50859375 0.1125 0.109375
0 0.6828125 0.240625 0.165625 0.1
0 0.32265625 0.10234375 0.24375 0.115625
0 0.01875 0.56953125 0.0375 0.0890625
0 0.04921875 0.61953125 0.096875 0.0390625
0 0.0890625 0.7109375 0.1125 0.1546875
0 0.1375 0.825 0.271875 0.0890625
0 0.26640625 0.90390625 0.2765625 0.0921875
0 0.7390625 0.96328125 0.1859375 0.0734375
0 0.58359375 0.9421875 0.1796875 0.1078125
0 0.7125 0.80859375 0.371875 0.2390625
0 0.5515625 0.81953125 0.1484375 0.0390625
0 0.475 0.74140625 0.1859375 0.1
0 0.24453125 0.77109375 0.2 0.2125
0 0.60234375 0.40234375 0.24375 0.2171875
0 0.5296875 0.3078125 0.13125 0.115625
0 0.86796875 0.0328125 0.1078125 0.065625
0 0.93515625 0.12890625 0.1296875 0.06875
0 0.9390625 0.0609375 0.121875 0.121875
0 0.9796875 0.4890625 0.040625 0.215625
0 0.921875 0.92890625 0.15625 0.090625
0 0.9796875 0.9375 0.040625 0.109375
0 0.89140625 0.58046875 0.13125 0.1703125
0 0.8796875 0.97265625 0.2390625 0.0546875
0 0.6609375 0.73203125 0.240625 0.14375
0 0.9421875 0.84296875 0.115625 0.1828125
0 0.82890625 0.94296875 0.109375 0.1140625
0 0.8328125 0.821875 0.09375 0.221875
0 0.72890625 0.87734375 0.090625 0.0859375
0 0.7109375 0.93671875 0.1765625 0.1265625
0 0.07578125 0.4859375 0.1515625 0.1515625
0 0.4828125 0.2671875 0.203125 0.2421875
0 0.33125 0.2125 0.1625 0.10625
0 0.1734375 0.61953125 0.225 0.11875
0 0.584375 0.028125 0.1 0.05625
0 0.425 0.88046875 0.134375 0.0984375
0 0.4484375 0.8078125 0.13125 0.103125
0 0.7703125 0.80703125 0.075 0.090625