0 0.09921875 0.89375 0.1859375 0.06875
0 0.13828125 0.971875 0.09453125 0.05234375
0 0.190625 0.9453125 0.059375 0.109375
0 0.31171875 0.94921875 0.1203125 0.0671875
0 0.33515625 0.9890625 0.1203125 0.021875
0 0.528125 0.95078125 0.1015625 0.09765625
0 0.590625 0.9046875 0.09921875 0.165625
0 0.6546875 0.82265625 0.05703125 0.1015625
0 0.7640625 0.7921875 0.1734375 0.05703125
0 0.7828125 0.82734375 0.1 0.07578125
0 0.71953125 0.88515625 0.13515625 0.06796875
0 0.75234375 0.92109375 0.11328125 0.05390625
0 0.828125 0.9890625 0.1375 0.021875
0 0.884375 0.5234375 0.0828125 0.09765625
0 0.81171875 0.578125 0.08828125 0.06953125
0 0.72265625 0.6046875 0.10703125 0.0953125
0 0.7296875 0.67421875 0.109375 0.0921875
0 0.67265625 0.74140625 0.10234375 0.0796875
0 0.6421875 0.7453125 0.075 0.078125
0 0.58984375 0.7625 0.10703125 0.1265625
0 0.51875 0.8484375 0.13515625 0.1296875
0 0.43828125 0.7828125 0.10234375 0.1046875
0 0.36953125 0.78203125 0.125 0.053125
0 0.2578125 0.85625 0.0671875 0.1421875
0 0.259375 0.784375 0.0875 0.12265625
0 0.2578125 0.74921875 0.16484375 0.0796875
0 0.19375 0.7125 0.15859375 0.03828125
0 0.16171875 0.7890625 0.0734375 0.13984375
0 0.15703125 0.8640625 0.14609375 0.0703125
0 0.18828125 0.6828125 0.31328125 0.0671875
0 0.071875 0.653125 0.14296875 0.09140625
0 0.15234375 0.6140625 0.08671875 0.10234375
0 0.09921875 0.559375 0.10703125 0.11875
0 0.115625 0.503125 0.0875 0.08984375
0 0.22578125 0.6390625 0.07890625 0.053125
0 0.375 0.68125 0.0921875 0.0578125
0 0.49375 0.70859375 0.103125 0.0734375
0 0.61875 0.6890625 0.13984375 0.0671875
0 0.6078125 0.634375 0.13046875 0.10078125
0 0.58515625 0.60625 0.0703125 0.05
0 0.503125 0.665625 0.12421875 0.059375
0 0.46484375 0.64375 0.1796875 0.0796875
0 0.4984375 0.60625 0.1953125 0.08984375
0 0.43671875 0.59921875 0.16171875 0.0390625
0 0.4796875 0.5734375 0.1421875 0.03359375
0 0.5046875 0.52265625 0.1234375 0.0609375
0 0.6390625 0.55390625 0.11171875 0.05078125
0 0.6546875 0.5265625 0.13515625 0.109375
0 0.959375 0.76484375 0.08046875 0.09453125
0 0.30703125 0.60546875 0.13359375 0.07734375
0 0.20703125 0.59296875 0.0921875 0.0796875
0 0.15703125 0.53359375 0.0734375 0.11171875
0 0.19453125 0.43046875 0.0921875 0.0828125
0 0.24921875 0.334375 0.134375 0.1515625
0 0.31328125 0.3109375 0.10859375 0.0625
0 0.20546875 0.26640625 0.09765625 0.15390625
0 0.3 0.57421875 0.14609375 0.0609375
0 0.24296875 0.49921875 0.140625 0.13671875
0 0.29296875 0.50703125 0.084375 0.10234375
0 0.29609375 0.44921875 0.08984375 0.05078125
0 0.33203125 0.42421875 0.1484375 0.0640625
0 0.3734375 0.3859375 0.28203125 0.04921875
0 0.35234375 0.36796875 0.13515625 0.03359375
0 0.44140625 0.353125 0.0703125 0.05390625
0 0.45625 0.32109375 0.16875 0.03125
0 0.39765625 0.25625 0.16953125 0.034375
0 0.3984375 0.1515625 0.22578125 0.06015625
0 0.41015625 0.13515625 0.13828125 0.04375
0 0.59921875 0.08046875 0.13203125 0.08125
0 0.71953125 0.0796875 0.13359375 0.12734375
0 0.85390625 0.0921875 0.1109375 0.1046875
0 0.80703125 0.23203125 0.17734375 0.11875
0 0.6 0.17421875 0.11328125 0.09375
0 0.5453125 0.25078125 0.1546875 0.1328125
0 0.55390625 0.2828125 0.11328125 0.04375
0 0.64921875 0.27421875 0.1203125 0.1015625
0 0.5609375 0.28828125 0.18046875 0.059375
0 0.69140625 0.303125 0.21640625 0.0546875
0 0.73125 0.3421875 0.11015625 0.065625
0 0.60390625 0.35625 0.165625 0.05078125
0 0.53828125 0.3421875 0.13828125 0.04921875
0 0.56328125 0.384375 0.1046875 0.04296875
0 0.4125 0.47890625 0.1765625 0.0890625
0 0.42421875 0.44375 0.13984375 0.0859375
0 0.53984375 0.4515625 0.07265625 0.128125
0 0.5875 0.44765625 0.06640625 0.1359375
0 0.6203125 0.428125 0.0875 0.09921875
0 0.67578125 0.425 0.06171875 0.08515625
0 0.73359375 0.453125 0.059375 0.15703125
0 0.803125 0.41015625 0.10234375 0.1140625
0 0.93515625 0.35546875 0.0734375 0.2046875
0 0.040625 0.45234375 0.08046875 0.0421875
0 0.01328125 0.80390625 0.0265625 0.0796875