0 0.215625 0.04453125 0.1484375 0.0296875
0 0.2546875 0.01953125 0.08359375 0.0390625
0 0.1890625 0.009375 0.11328125 0.01796875
0 0.11171875 0.0359375 0.0671875 0.03671875
0 0.190625 0.07421875 0.15703125 0.08203125
0 0.22109375 0.153125 0.07421875 0.1015625
0 0.16953125 0.18046875 0.1390625 0.109375
0 0.14140625 0.2328125 0.07109375 0.05625
0 0.0734375 0.28984375 0.1 0.13046875
0 0.05703125 0.3515625 0.10390625 0.0796875
0 0.175 0.35234375 0.08828125 0.059375
0 0.21015625 0.30234375 0.1296875 0.096875
0 0.2859375 0.3609375 0.040625 0.15
0 0.23984375 0.3859375 0.071875 0.08515625
0 0.425 0.43046875 0.21328125 0.04609375
0 0.4046875 0.353125 0.221875 0.11484375
0 0.4046875 0.334375 0.08203125 0.046875
0 0.30625 0.18515625 0.1046875 0.21328125
0 0.36796875 0.1640625 0.03828125 0.11875
0 0.4046875 0.209375 0.0765625 0.10625
0 0.54140625 0.21015625 0.24765625 0.17734375
0 0.48984375 0.240625 0.1296875 0.0703125
0 0.565625 0.271875 0.11796875 0.04296875
0 0.65546875 0.38984375 0.075 0.13828125
0 0.23515625 0.4609375 0.18828125 0.04296875
0 0.225 0.51171875 0.2609375 0.07421875
0 0.0453125 0.653125 0.090625 0.1
0 0.06796875 0.69375 0.13359375 0.09609375
0 0.2015625 0.65625 0.125 0.09375
0 0.30390625 0.671875 0.18203125 0.05078125
0 0.44921875 0.63359375 0.12890625 0.0578125
0 0.19140625 0.89609375 0.15234375 0.11640625
0 0.08984375 0.90703125 0.13046875 0.109375
0 0.35 0.93046875 0.14765625 0.13828125
0 0.28046875 0.9859375 0.04296875 0.02734375
0 0.4640625 0.89375 0.13515625 0.13984375
0 0.54453125 0.83203125 0.0734375 0.04921875
0 0.54921875 0.77265625 0.14296875 0.0890625
0 0.34609375 0.75703125 0.13828125 0.0640625
0 0.46875 0.58984375 0.15234375 0.1046875
0 0.5140625 0.578125 0.2203125 0.1734375
0 0.3640625 0.01796875 0.0625 0.0359375
0 0.44375 0.0390625 0.1 0.07734375
0 0.540625 0.07890625 0.20234375 0.06484375
0 0.67421875 0.08671875 0.159375 0.09921875
0 0.653125 0.121875 0.2078125 0.034375
0 0.7625 0.06484375 0.0859375 0.1296875
0 0.94921875 0.06328125 0.1015625 0.04453125
0 0.809375 0.1515625 0.15 0.08828125
0 0.69140625 0.21875 0.1234375 0.12421875
0 0.83984375 0.234375 0.14375 0.1
0 0.96484375 0.278125 0.0703125 0.115625
0 0.975 0.18203125 0.04921875 0.08828125
0 0.9328125 0.378125 0.134375 0.0390625
0 0.6953125 0.540625 0.0765625 0.125
0 0.7171875 0.596875 0.1203125 0.12421875
0 0.83984375 0.4953125 0.05390625 0.146875
0 0.94375 0.4515625 0.11171875 0.065625
0 0.96953125 0.49765625 0.0609375 0.05234375
0 0.953125 0.51484375 0.09296875 0.0859375
0 0.8828125 0.6296875 0.18671875 0.146875
0 0.6625 0.8015625 0.065625 0.0984375
0 0.73203125 0.86171875 0.14453125 0.04765625
0 0.74140625 0.77890625 0.1 0.1421875
0 0.6328125 0.74921875 0.10703125 0.05078125
0 0.74140625 0.946875 0.078125 0.0921875
0 0.85234375 0.96875 0.115625 0.0625
0 0.85703125 0.88515625 0.0875 0.14140625
0 0.93984375 0.91796875 0.1015625 0.1640625
0 0.97734375 0.93203125 0.04453125 0.06171875
0 0.97734375 0.89140625 0.0453125 0.0375
0 0.96328125 0.79296875 0.0734375 0.0328125
0 0.87734375 0.75859375 0.09765625 0.07734375
0 0.95 0.678125 0.09921875 0.0921875
0 0.5734375 0.52421875 0.10078125 0.06875
0 0.53046875 0.30546875 0.084375 0.0578125
0 0.45078125 0.2921875 0.0796875 0.0515625
0 0.32421875 0.60390625 0.065625 0.0484375
0 0.26015625 0.61953125 0.1828125 0.1015625
0 0.1515625 0.56640625 0.0921875 0.04765625
0 0.9640625 0.03359375 0.07109375 0.0671875
0 0.87890625 0.32109375 0.09453125 0.059375
0 0.57109375 0.88046875 0.08125 0.09609375
0 0.5203125 0.971875 0.0734375 0.05546875
0 0.0671875 0.7796875 0.06484375 0.1296875
0 0.03046875 0.79140625 0.0609375 0.1359375
0 0.3703125 0.84140625 0.10234375 0.07578125
0 0.940625 0.72265625 0.11875 0.10234375
0 0.48046875 0.68203125 0.0734375 0.0453125
0 0.51328125 0.34453125 0.12109375 0.05078125
0 0.58828125 0.3328125 0.03828125 0.04140625