0 0.05078125 0.16953125 0.0765625 0.11484375
0 0.1578125 0.18828125 0.07578125 0.1109375
0 0.25859375 0.20234375 0.05859375 0.09296875
0 0.33359375 0.2078125 0.0625 0.0953125
0 0.4328125 0.2140625 0.0859375 0.11171875
0 0.846875 0.09375 0.06875 0.09921875
0 0.9234375 0.1015625 0.08671875 0.13203125
0 0.75703125 0.34296875 0.0765625 0.06484375
0 0.84140625 0.346875 0.0578125 0.06328125
0 0.9109375 0.353125 0.05234375 0.0578125
0 0.5140625 0.19765625 0.07890625 0.0921875
0 0.09140625 0.33359375 0.06796875 0.09609375
0 0.096875 0.64921875 0.10859375 0.05859375
0 0.2296875 0.665625 0.109375 0.0625
0 0.34765625 0.66640625 0.1109375 0.06328125
0 0.490625 0.6671875 0.08984375 0.06015625
0 0.2046875 0.73046875 0.103125 0.0421875
0 0.36484375 0.765625 0.084375 0.07421875
0 0.3015625 0.81015625 0.06953125 0.0609375
0 0.4046875 0.8609375 0.12734375 0.0734375
0 0.45234375 0.8375 0.0953125 0.08125
0 0.48515625 0.7875 0.059375 0.06640625
0 0.45546875 0.93671875 0.096875 0.08671875
0 0.57890625 0.875 0.084375 0.07578125
0 0.703125 0.89296875 0.10390625 0.05703125
0 0.65703125 0.821875 0.12890625 0.04375
0 0.5625 0.765625 0.0984375 0.06875
0 0.59921875 0.721875 0.075 0.09609375
0 0.65703125 0.7078125 0.09140625 0.115625
0 0.68671875 0.78125 0.09375 0.04765625
0 0.71796875 0.72109375 0.05234375 0.090625
0 0.78515625 0.77109375 0.109375 0.05234375
0 0.04921875 0.02109375 0.03828125 0.04140625
0 0.1625 0.021875 0.06484375 0.04375
0 0.28515625 0.02734375 0.04296875 0.05390625
0 0.40390625 0.0421875 0.07265625 0.084375
0 0.50859375 0.03046875 0.034375 0.06015625