0 0.62109375 0.3609375 0.14375 0.196875
0 0.83046875 0.14453125 0.115625 0.0796875
0 0.60234375 0.13984375 0.178125 0.121875
0 0.4734375 0.07578125 0.228125 0.1375
0 0.984375 0.23359375 0.03125 0.1171875
0 0.93046875 0.1328125 0.1390625 0.1546875
0 0.78984375 0.1046875 0.4203125 0.209375
0 0.56484375 0.26796875 0.13125 0.1796875
0 0.78515625 0.046875 0.1171875 0.09375
0 0.24609375 0.034375 0.1953125 0.06875
0 0.26171875 0.14375 0.20625 0.090625
0 0.12265625 0.1921875 0.1875 0.121875
0 0.22265625 0.30859375 0.26875 0.134375
0 0.30546875 0.46796875 0.21875 0.19375
0 0.3515625 0.38125 0.13125 0.1328125
0 0.4609375 0.3640625 0.0859375 0.1625
0 0.44609375 0.55703125 0.09375 0.1640625
0 0.3609375 0.5796875 0.0796875 0.10625
0 0.11875 0.85859375 0.2375 0.1875
0 0.2671875 0.8671875 0.184375 0.1234375
0 0.23203125 0.95546875 0.28125 0.0890625
0 0.20078125 0.69609375 0.13125 0.125
0 0.021875 0.44140625 0.04375 0.10625
0 0.315625 0.721875 0.096875 0.175
0 0.41953125 0.759375 0.196875 0.16875
0 0.40078125 0.6703125 0.1171875 0.078125
0 0.68984375 0.55625 0.1015625 0.153125
0 0.76796875 0.62265625 0.125 0.178125
0 0.803125 0.621875 0.259375 0.2890625
0 0.7953125 0.82265625 0.1625 0.11875
0 0.71875 0.846875 0.184375 0.1015625
0 0.096875 0.71953125 0.11875 0.1203125
0 0.9796875 0.58125 0.040625 0.253125
0 0.9453125 0.584375 0.109375 0.2375
0 0.9890625 0.44296875 0.021875 0.10625
0 0.95390625 0.4078125 0.06875 0.253125
0 0.8890625 0.36484375 0.128125 0.303125
0 0.92734375 0.821875 0.14375 0.121875
0 0.81171875 0.9484375 0.215625 0.0734375
0 0.6890625 0.92421875 0.190625 0.1515625
0 0.48984375 0.928125 0.1 0.121875
0 0.5578125 0.7015625 0.0796875 0.146875
0 0.63984375 0.96328125 0.0859375 0.0734375
0 0.7578125 0.47265625 0.0765625 0.090625
0 0.81328125 0.284375 0.06875 0.0953125
0 0.61640625 0.4828125 0.078125 0.096875
0 0.421875 0.95234375 0.071875 0.0953125
0 0.07578125 0.67890625 0.1515625 0.259375
0 0.13828125 0.4578125 0.078125 0.1140625
0 0.73359375 0.6171875 0.1703125 0.165625
0 0.54921875 0.95390625 0.1125 0.0921875
0 0.61171875 0.98359375 0.175 0.0328125
0 0.61484375 0.96328125 0.040625 0.0734375
0 0.57265625 0.9921875 0.04375 0.015625
0 0.89921875 0.975 0.1140625 0.05