0 0.0265625 0.609375 0.053125 0.1046875
0 0.06796875 0.6171875 0.134375 0.1125
0 0.08203125 0.34609375 0.1640625 0.065625
0 0.08359375 0.4 0.1515625 0.0875
0 0.04453125 0.2140625 0.0890625 0.253125
0 0.14296875 0.18515625 0.071875 0.253125
0 0.28671875 0.02421875 0.128125 0.0484375
0 0.40078125 0.09296875 0.284375 0.1859375
0 0.434375 0.0953125 0.18125 0.190625
0 0.5296875 0.10390625 0.090625 0.153125
0 0.62890625 0.25859375 0.11875 0.18125
0 0.63515625 0.4046875 0.1671875 0.13125
0 0.80390625 0.18515625 0.103125 0.1703125
0 0.9578125 0.03359375 0.084375 0.065625
0 0.9390625 0.15859375 0.121875 0.1234375
0 0.7765625 0.025 0.1875 0.05
0 0.309375 0.396875 0.13125 0.325
0 0.2296875 0.36484375 0.075 0.253125
0 0.29296875 0.7703125 0.2703125 0.11875
0 0.47421875 0.7421875 0.1015625 0.13125
0 0.55 0.73125 0.38125 0.425
0 0.7515625 0.54375 0.1625 0.171875
0 0.7109375 0.8921875 0.1375 0.1578125
0 0.55859375 0.88046875 0.1484375 0.2375
0 0.03125 0.94609375 0.059375 0.1078125
0 0.1140625 0.9515625 0.1875 0.096875
0 0.04765625 0.478125 0.09375 0.1
0 0.86953125 0.8015625 0.08125 0.20625
0 0.91171875 0.52890625 0.175 0.075
0 0.54765625 0.334375 0.1953125 0.2046875
0 0.48515625 0.26015625 0.103125 0.09375
0 0.45625 0.46953125 0.115625 0.08125
0 0.61015625 0.06015625 0.096875 0.10625
0 0.3078125 0.95 0.178125 0.1
0 0.015625 0.10234375 0.03125 0.1359375