0 0.04765625 0.05703125 0.04375 0.1125
0 0.01015625 0.06328125 0.01875 0.1265625
0 0.01953125 0.63671875 0.0375 0.084375
0 0.0515625 0.9328125 0.0484375 0.134375
0 0.1171875 0.91875 0.059375 0.1625
0 0.1875 0.9234375 0.0546875 0.153125
0 0.240625 0.9328125 0.05 0.134375
0 0.28359375 0.61875 0.0484375 0.0796875
0 0.225 0.61875 0.0390625 0.0890625
0 0.17890625 0.61796875 0.0375 0.075
0 0.121875 0.615625 0.0328125 0.046875
0 0.93359375 0.965625 0.0453125 0.06875
0 0.471875 0.975 0.040625 0.05
0 0.55234375 0.9515625 0.075 0.096875
0 0.63046875 0.9640625 0.0421875 0.071875
0 0.71015625 0.96875 0.0515625 0.0625
0 0.79296875 0.965625 0.040625 0.06875
0 0.85234375 0.9671875 0.0375 0.065625
0 0.934375 0.79140625 0.046875 0.1328125
0 0.859375 0.79375 0.040625 0.11875
0 0.77578125 0.78046875 0.059375 0.1484375
0 0.6984375 0.76484375 0.0375 0.14375
0 0.6265625 0.75625 0.034375 0.115625
0 0.5765625 0.75078125 0.040625 0.1234375
0 0.50546875 0.74453125 0.05 0.153125
0 0.45625 0.78125 0.053125 0.109375
0 0.7296875 0.58671875 0.0375 0.1265625
0 0.80234375 0.6046875 0.0390625 0.128125
0 0.86796875 0.60625 0.0359375 0.121875
0 0.93828125 0.59453125 0.053125 0.1546875
0 0.9625 0.16796875 0.075 0.0875
0 0.95859375 0.08515625 0.06875 0.16875
0 0.93828125 0.09296875 0.05625 0.13125
0 0.9671875 0.05078125 0.065625 0.08125
0 0.95859375 0.02734375 0.08125 0.0546875
0 0.96953125 0.0296875 0.0609375 0.059375
0 0.94921875 0.06796875 0.0671875 0.1359375
0 0.065625 0.6390625 0.0359375 0.0796875