0 0.6640625 0.95 0.19375 0.1
0 0.94453125 0.64296875 0.109375 0.221875
0 0.896875 0.1515625 0.20625 0.2375
0 0.64296875 0.11328125 0.159375 0.19375
0 0.75390625 0.784375 0.221875 0.228125
0 0.85390625 0.48984375 0.16875 0.2421875
0 0.68046875 0.71015625 0.18125 0.259375
0 0.621875 0.534375 0.121875 0.21875
0 0.47265625 0.4421875 0.184375 0.2109375
0 0.42890625 0.8015625 0.15625 0.2375
0 0.18671875 0.84453125 0.178125 0.1765625
0 0.2875 0.609375 0.228125 0.146875
0 0.40078125 0.28125 0.146875 0.296875
0 0.29765625 0.2078125 0.171875 0.39375
0 0.22265625 0.46953125 0.140625 0.1234375
0 0.17421875 0.26015625 0.078125 0.29375
0 0.07109375 0.415625 0.1421875 0.159375