0 0.07265625 0.046875 0.1078125 0.0828125
0 0.03203125 0.1 0.06328125 0.05
0 0.184375 0.1 0.184375 0.0765625
0 0.23515625 0.07421875 0.1828125 0.05
0 0.33515625 0.0890625 0.09609375 0.0921875
0 0.43828125 0.0875 0.15546875 0.10703125
0 0.32578125 0.146875 0.1375 0.05546875
0 0.16171875 0.19609375 0.13828125 0.13359375
0 0.07578125 0.3578125 0.0890625 0.19140625
0 0.4609375 0.190625 0.37109375 0.11796875
0 0.53359375 0.0875 0.12578125 0.0953125
0 0.53046875 0.04453125 0.11484375 0.0890625
0 0.59921875 0.05234375 0.103125 0.0640625
0 0.778125 0.13203125 0.190625 0.14609375
0 0.81796875 0.0703125 0.1375 0.0859375
0 0.55 0.44296875 0.16171875 0.14140625
0 0.37421875 0.24296875 0.159375 0.0671875
0 0.565625 0.31171875 0.1140625 0.07109375
0 0.359375 0.28125 0.12265625 0.0765625
0 0.72265625 0.33515625 0.0703125 0.13828125
0 0.8234375 0.2453125 0.125 0.12734375
0 0.7359375 0.19765625 0.05703125 0.10703125
0 0.68359375 0.1546875 0.07734375 0.06875
0 0.9671875 0.1640625 0.06484375 0.19375
0 0.90390625 0.16640625 0.11015625 0.0578125
0 0.84296875 0.32578125 0.1 0.08359375
0 0.2984375 0.4875 0.08046875 0.14140625
0 0.3765625 0.5359375 0.1234375 0.14453125
0 0.48515625 0.61640625 0.2109375 0.065625
0 0.62265625 0.6078125 0.17265625 0.11015625
0 0.603125 0.659375 0.2234375 0.0296875
0 0.12890625 0.5046875 0.18359375 0.0515625
0 0.1234375 0.50078125 0.18515625 0.1234375
0 0.11796875 0.5609375 0.1796875 0.0453125
0 0.240625 0.7203125 0.1078125 0.21484375
0 0.30703125 0.71328125 0.046875 0.14609375
0 0.34921875 0.75546875 0.08046875 0.134375
0 0.946875 0.546875 0.10625 0.11640625
0 0.91328125 0.58125 0.1078125 0.0609375
0 0.96015625 0.446875 0.0671875 0.07578125
0 0.984375 0.47890625 0.03125 0.10703125
0 0.70390625 0.575 0.11015625 0.21953125
0 0.7625 0.7 0.14453125 0.09375
0 0.63828125 0.75703125 0.1265625 0.12890625
0 0.78671875 0.78515625 0.12265625 0.08046875
0 0.95625 0.6953125 0.0875 0.1296875
0 0.97578125 0.79140625 0.04765625 0.1078125
0 0.9421875 0.8125 0.11171875 0.1203125
0 0.9203125 0.91640625 0.15859375 0.040625
0 0.921875 0.9796875 0.15625 0.03984375
0 0.61171875 0.93203125 0.075 0.13515625
0 0.490625 0.74609375 0.2875 0.19453125
0 0.515625 0.81640625 0.134375 0.053125
0 0.43515625 0.78203125 0.14296875 0.06875
0 0.48046875 0.85625 0.0890625 0.0609375
0 0.40078125 0.83359375 0.084375 0.05625
0 0.3 0.80703125 0.0703125 0.06875
0 0.35625 0.89765625 0.23671875 0.11328125
0 0.4640625 0.896875 0.11640625 0.05234375
0 0.3734375 0.975 0.2265625 0.04921875
0 0.23359375 0.90234375 0.05546875 0.14765625
0 0.18203125 0.92109375 0.07890625 0.090625
0 0.44296875 0.46015625 0.16015625 0.10703125
0 0.61796875 0.23515625 0.15078125 0.08515625
0 0.53828125 0.25234375 0.05390625 0.0421875
0 0.48515625 0.2328125 0.07578125 0.08125
0 0.14921875 0.6828125 0.0671875 0.11328125
0 0.109375 0.59453125 0.14609375 0.0796875
0 0.19921875 0.596875 0.06015625 0.034375
0 0.0890625 0.7125 0.12265625 0.09453125
0 0.0671875 0.765625 0.06640625 0.06171875
0 0.13828125 0.8375 0.1328125 0.10625
0 0.1140625 0.88515625 0.08671875 0.0671875
0 0.028125 0.82890625 0.05625 0.10859375
0 0.0203125 0.89453125 0.040625 0.0609375
0 0.83359375 0.86171875 0.09765625 0.06484375
0 0.028125 0.165625 0.05625 0.071875