0 0.18046875 0.19375 0.296875 0.06875
0 0.64375 0.18515625 0.2234375 0.0953125
0 0.70546875 0.2828125 0.2625 0.0875
0 0.19375 0.3546875 0.3625 0.15625
0 0.16796875 0.5046875 0.2578125 0.06875
0 0.67734375 0.41953125 0.20625 0.06875
0 0.66875 0.52734375 0.2015625 0.06875
0 0.1484375 0.671875 0.2640625 0.0875
0 0.6375 0.665625 0.253125 0.0875
0 0.9390625 0.74296875 0.121875 0.075
0 0.58984375 0.82109375 0.271875 0.090625
0 0.1390625 0.8296875 0.25 0.08125
0 0.13203125 0.959375 0.24375 0.065625
0 0.54609375 0.97578125 0.2234375 0.0484375
0 0.903125 0.8921875 0.19375 0.065625