0 0.97265625 0.3890625 0.0546875 0.08125
0 0.9921875 0.284375 0.015625 0.171875
0 0.92578125 0.30234375 0.0671875 0.153125
0 0.7390625 0.16953125 0.3578125 0.2125
0 0.7703125 0.13046875 0.096875 0.0375
0 0.79296875 0.0828125 0.14375 0.0625
0 0.8265625 0.046875 0.13125 0.09375
0 0.66484375 0.02578125 0.2578125 0.0515625
0 0.6453125 0.10625 0.23125 0.153125
0 0.684375 0.13046875 0.0625 0.1
0 0.8328125 0.221875 0.109375 0.225
0 0.76484375 0.27578125 0.1375 0.0890625
0 0.653125 0.26015625 0.140625 0.1140625
0 0.7890625 0.2015625 0.096875 0.1125
0 0.48984375 0.1484375 0.0828125 0.153125
0 0.415625 0.1140625 0.05 0.0703125
0 0.34375 0.0171875 0.053125 0.034375
0 0.2171875 0.01015625 0.1390625 0.0203125
0 0.07265625 0.02265625 0.0453125 0.0453125
0 0.09921875 0.046875 0.0578125 0.09375
0 0.06015625 0.0359375 0.0390625 0.0671875
0 0.03203125 0.10078125 0.0640625 0.2015625
0 0.02265625 0.11015625 0.0453125 0.1546875
0 0.03515625 0.2703125 0.0703125 0.05625
0 0.06640625 0.30390625 0.0828125 0.2421875
0 0.1125 0.20390625 0.05 0.2234375
0 0.1578125 0.12109375 0.0921875 0.2421875
0 0.21953125 0.04609375 0.0765625 0.0921875
0 0.17109375 0.20234375 0.109375 0.1375
0 0.15078125 0.22421875 0.078125 0.171875
0 0.2109375 0.175 0.0765625 0.096875
0 0.25703125 0.2703125 0.05625 0.2734375
0 0.2140625 0.365625 0.0625 0.103125
0 0.196875 0.35234375 0.046875 0.078125
0 0.1125 0.36875 0.103125 0.159375
0 0.12578125 0.39296875 0.1359375 0.234375
0 0.0265625 0.45078125 0.053125 0.125
0 0.01171875 0.334375 0.0234375 0.084375
0 0.00859375 0.30234375 0.0171875 0.0609375
0 0.01953125 0.403125 0.0375 0.06875
0 0.01171875 0.434375 0.021875 0.075
0 0.02421875 0.50078125 0.0484375 0.08125
0 0.025 0.603125 0.05 0.1625
0 0.07109375 0.52890625 0.071875 0.090625
0 0.12265625 0.525 0.09375 0.171875
0 0.015625 0.85859375 0.03125 0.121875
0 0.04296875 0.91328125 0.05 0.1390625
0 0.0453125 0.76484375 0.0609375 0.1796875
0 0.040625 0.65703125 0.0625 0.090625
0 0.025 0.74296875 0.05 0.125
0 0.08984375 0.70859375 0.0640625 0.159375
0 0.07578125 0.7515625 0.071875 0.159375
0 0.09453125 0.81796875 0.1375 0.065625
0 0.10703125 0.9109375 0.065625 0.165625
0 0.14375 0.9640625 0.040625 0.071875
0 0.140625 0.8828125 0.046875 0.1078125
0 0.1859375 0.82109375 0.103125 0.0703125
0 0.19140625 0.765625 0.103125 0.096875
0 0.2265625 0.7296875 0.14375 0.0421875
0 0.1328125 0.765625 0.05 0.090625
0 0.21171875 0.69375 0.24375 0.0625
0 0.07265625 0.5921875 0.0671875 0.0703125
0 0.16328125 0.6421875 0.13125 0.090625
0 0.178125 0.603125 0.0453125 0.05625
0 0.24453125 0.64921875 0.2171875 0.0984375
0 0.23125 0.64140625 0.128125 0.221875
0 0.18515625 0.490625 0.059375 0.16875
0 0.22890625 0.409375 0.0484375 0.053125
0 0.26484375 0.4625 0.109375 0.06875
0 0.2390625 0.51875 0.0734375 0.08125
0 0.28828125 0.58984375 0.05 0.13125
0 0.31953125 0.61015625 0.046875 0.1125
0 0.3015625 0.51171875 0.15 0.084375
0 0.35390625 0.4875 0.05 0.065625
0 0.359375 0.378125 0.05 0.13125
0 0.3125 0.3078125 0.109375 0.1
0 0.19140625 0.88359375 0.109375 0.0828125
0 0.18203125 0.9671875 0.0703125 0.065625
0 0.1875 0.91328125 0.059375 0.0875
0 0.25078125 0.93671875 0.1375 0.0859375
0 0.28046875 0.8625 0.0609375 0.0953125
0 0.29765625 0.7859375 0.0546875 0.090625
0 0.26953125 0.79296875 0.040625 0.0921875
0 0.23984375 0.77109375 0.0453125 0.10625
0 0.2625 0.971875 0.1484375 0.05625
0 0.2625 0.99375 0.034375 0.0125
0 0.33125 0.9859375 0.0625 0.028125
0 0.30078125 0.9859375 0.034375 0.028125
0 0.3765625 0.99296875 0.053125 0.0140625
0 0.36640625 0.978125 0.0703125 0.04375
0 0.33359375 0.8171875 0.0875 0.14375
0 0.3921875 0.9109375 0.109375 0.178125
0 0.4078125 0.8546875 0.09375 0.23125
0 0.39453125 0.77578125 0.053125 0.1125
0 0.38828125 0.8421875 0.040625 0.034375
0 0.43828125 0.9 0.046875 0.09375
0 0.3625 0.9515625 0.096875 0.096875
0 0.3375 0.73515625 0.078125 0.0921875
0 0.3625 0.6625 0.08125 0.1125
0 0.4265625 0.653125 0.1359375 0.196875
0 0.3953125 0.5671875 0.053125 0.1015625
0 0.3953125 0.51953125 0.125 0.3234375
0 0.403125 0.415625 0.065625 0.1875
0 0.39296875 0.2515625 0.090625 0.134375
0 0.47578125 0.29296875 0.05 0.078125
0 0.43671875 0.36875 0.078125 0.2125
0 0.46875 0.38359375 0.053125 0.071875
0 0.47421875 0.46953125 0.06875 0.159375
0 0.46640625 0.615625 0.0625 0.190625
0 0.471875 0.63828125 0.0484375 0.1375
0 0.5046875 0.55 0.0671875 0.2125
0 0.51484375 0.621875 0.059375 0.215625
0 0.5296875 0.38203125 0.08125 0.19375
0 0.59296875 0.309375 0.146875 0.046875
0 0.61328125 0.3421875 0.1671875 0.040625
0 0.56640625 0.41640625 0.0421875 0.1125
0 0.5890625 0.43515625 0.0625 0.165625
0 0.72734375 0.3765625 0.090625 0.175
0 0.70546875 0.4515625 0.059375 0.221875
0 0.66640625 0.4671875 0.065625 0.196875
0 0.634375 0.425 0.0421875 0.1453125
0 0.596875 0.51640625 0.140625 0.1625
0 0.5625 0.5921875 0.1109375 0.125
0 0.57265625 0.6265625 0.0828125 0.0953125
0 0.6734375 0.6609375 0.153125 0.20625
0 0.68984375 0.60234375 0.0953125 0.1328125
0 0.6359375 0.55234375 0.0375 0.059375
0 0.6015625 0.68046875 0.0859375 0.153125
0 0.55546875 0.684375 0.05625 0.059375
0 0.6453125 0.765625 0.15625 0.175
0 0.6609375 0.70078125 0.078125 0.08125
0 0.6890625 0.76015625 0.040625 0.0875
0 0.65078125 0.8453125 0.0625 0.14375
0 0.61953125 0.8453125 0.065625 0.171875
0 0.5640625 0.8125 0.0890625 0.153125
0 0.49375 0.7546875 0.0671875 0.078125
0 0.4765625 0.8125 0.0625 0.08125
0 0.5140625 0.815625 0.05 0.1015625
0 0.46640625 0.909375 0.0828125 0.13125
0 0.5046875 0.9078125 0.1203125 0.175
0 0.52265625 0.9328125 0.08125 0.134375
0 0.56953125 0.91953125 0.0625 0.09375
0 0.62109375 0.9359375 0.0671875 0.075
0 0.49609375 0.975 0.1046875 0.05
0 0.58671875 0.97109375 0.1265625 0.0578125
0 0.6640625 0.9234375 0.04375 0.125
0 0.69140625 0.896875 0.05625 0.1046875
0 0.73984375 0.83671875 0.06875 0.10625
0 0.7328125 0.77109375 0.084375 0.0859375
0 0.815625 0.821875 0.115625 0.0484375
0 0.79296875 0.86875 0.0875 0.06875
0 0.84296875 0.85859375 0.1484375 0.1015625
0 0.78125 0.92578125 0.1 0.0671875
0 0.71953125 0.9171875 0.11875 0.165625
0 0.715625 0.9921875 0.059375 0.015625
0 0.646875 0.990625 0.034375 0.01875
0 0.771875 0.98828125 0.05 0.0234375
0 0.8421875 0.9875 0.1125 0.025
0 0.90703125 0.98984375 0.0546875 0.0203125
0 0.95078125 0.9796875 0.028125 0.040625
0 0.9828125 0.9796875 0.034375 0.040625
0 0.96015625 0.93984375 0.0796875 0.1203125
0 0.91328125 0.9546875 0.04375 0.090625
0 0.96171875 0.83984375 0.0765625 0.128125
0 0.89140625 0.87890625 0.1125 0.134375
0 0.815625 0.78984375 0.08125 0.0609375
0 0.86875 0.78125 0.0484375 0.0984375
0 0.92109375 0.7625 0.09375 0.140625
0 0.9203125 0.72734375 0.084375 0.121875
0 0.971875 0.56328125 0.05625 0.19375
0 0.89453125 0.56484375 0.178125 0.125
0 0.90703125 0.44296875 0.0921875 0.1109375
0 0.925 0.47734375 0.053125 0.059375
0 0.81953125 0.515625 0.175 0.0953125
0 0.83046875 0.38125 0.0890625 0.184375
0 0.840625 0.3421875 0.040625 0.1125
0 0.87265625 0.334375 0.053125 0.246875
0 0.82265625 0.35546875 0.090625 0.259375
0 0.78125 0.5609375 0.115625 0.04375
0 0.73125 0.5484375 0.121875 0.075
0 0.77109375 0.63203125 0.08125 0.165625
0 0.71875 0.63515625 0.046875 0.1109375
0 0.775 0.696875 0.0875 0.0875
0 0.8171875 0.728125 0.08125 0.1515625
0 0.8171875 0.6453125 0.1015625 0.0703125
0 0.8703125 0.66953125 0.05625 0.165625
0 0.896875 0.678125 0.05 0.125