0 0.95625 0.0609375 0.0875 0.121875
0 0.946875 0.33984375 0.10625 0.1421875
0 0.89140625 0.42734375 0.2171875 0.1390625
0 0.78359375 0.51796875 0.1421875 0.0796875
0 0.74140625 0.67109375 0.0796875 0.24375
0 0.78984375 0.696875 0.10625 0.140625
0 0.871875 0.60859375 0.0953125 0.190625
0 0.92109375 0.6546875 0.075 0.1578125
0 0.3640625 0.83984375 0.1375 0.115625
0 0.440625 0.7375 0.096875 0.1234375
0 0.478125 0.61328125 0.134375 0.15
0 0.57578125 0.62265625 0.128125 0.153125
0 0.66953125 0.54375 0.1125 0.14375
0 0.675 0.50078125 0.109375 0.10625
0 0.69921875 0.42734375 0.178125 0.15
0 0.81953125 0.32734375 0.18125 0.190625
0 0.72734375 0.21484375 0.146875 0.14375
0 0.7265625 0.11875 0.075 0.175
0 0.7296875 0.0125 0.171875 0.025
0 0.6796875 0.03828125 0.1125 0.0765625
0 0.5859375 0.12578125 0.08125 0.128125
0 0.62421875 0.2921875 0.103125 0.14375
0 0.596875 0.4671875 0.09375 0.196875
0 0.5203125 0.45234375 0.140625 0.1828125
0 0.48046875 0.4203125 0.0703125 0.1
0 0.5640625 0.30546875 0.0828125 0.1734375
0 0.5328125 0.25234375 0.1125 0.25
0 0.48046875 0.2984375 0.125 0.2734375
0 0.47109375 0.2125 0.0546875 0.225
0 0.43515625 0.27265625 0.046875 0.2
0 0.36328125 0.30703125 0.084375 0.171875
0 0.4078125 0.49609375 0.071875 0.15625
0 0.36875 0.5171875 0.153125 0.190625
0 0.7015625 0.94375 0.13125 0.1125
0 0.47890625 0.06171875 0.109375 0.1234375
0 0.103125 0.021875 0.20625 0.04375
0 0.0671875 0.0578125 0.0875 0.115625
0 0.43515625 0.06171875 0.084375 0.121875
0 0.33046875 0.01953125 0.1921875 0.0390625
0 0.34140625 0.03515625 0.14375 0.0703125
0 0.26015625 0.0390625 0.071875 0.078125
0 0.22421875 0.084375 0.0890625 0.16875
0 0.171875 0.16015625 0.06875 0.3203125
0 0.14609375 0.09453125 0.046875 0.1890625
0 0.1265625 0.21953125 0.075 0.1
0 0.08125 0.2390625 0.04375 0.2359375
0 0.00703125 0.15703125 0.0140625 0.2375
0 0.01953125 0.73046875 0.0390625 0.2484375
0 0.0375 0.36484375 0.075 0.215625
0 0.02890625 0.3765625 0.0578125 0.159375
0 0.04296875 0.509375 0.0859375 0.16875
0 0.03828125 0.38671875 0.0765625 0.253125
0 0.05546875 0.56875 0.078125 0.303125
0 0.1109375 0.625 0.090625 0.1546875
0 0.13046875 0.44609375 0.071875 0.23125
0 0.11015625 0.3546875 0.06875 0.19375
0 0.16875 0.38984375 0.059375 0.146875
0 0.30234375 0.17890625 0.125 0.246875
0 0.25234375 0.1953125 0.1203125 0.196875
0 0.26328125 0.35703125 0.1796875 0.1015625
0 0.2578125 0.4234375 0.190625 0.09375
0 0.23046875 0.46875 0.1375 0.121875
0 0.2265625 0.54765625 0.11875 0.0875
0 0.265625 0.628125 0.21875 0.0828125
0 0.20546875 0.72578125 0.159375 0.14375
0 0.1359375 0.91015625 0.271875 0.103125