0 0.259375 0.53515625 0.13203125 0.096875
0 0.1140625 0.39453125 0.053125 0.07734375
0 0.1109375 0.54765625 0.08203125 0.11953125
0 0.06796875 0.634375 0.09140625 0.153125
0 0.17421875 0.2640625 0.078125 0.07421875
0 0.10703125 0.3140625 0.10390625 0.11953125
0 0.10078125 0.11015625 0.121875 0.14765625
0 0.184375 0.053125 0.08828125 0.10625
0 0.08046875 0.42109375 0.1546875 0.2828125
0 0.196875 0.57265625 0.1203125 0.08828125
0 0.040625 0.425 0.08046875 0.07890625
0 0.03203125 0.78671875 0.06328125 0.13046875
0 0.1140625 0.77578125 0.0609375 0.13828125
0 0.14609375 0.86953125 0.08203125 0.1265625
0 0.22421875 0.80234375 0.090625 0.1796875
0 0.33125 0.746875 0.13046875 0.146875
0 0.27265625 0.715625 0.0890625 0.08828125
0 0.26171875 0.6421875 0.10859375 0.0578125
0 0.39140625 0.65234375 0.11015625 0.06171875
0 0.40625 0.709375 0.07109375 0.053125
0 0.59296875 0.87578125 0.12578125 0.1671875
0 0.59921875 0.77265625 0.0828125 0.12421875
0 0.665625 0.79609375 0.07265625 0.1890625
0 0.725 0.85859375 0.08671875 0.06640625
0 0.484375 0.81640625 0.08359375 0.08828125
0 0.31328125 0.9609375 0.0703125 0.07734375
0 0.5015625 0.73984375 0.11796875 0.06484375
0 0.5265625 0.6703125 0.1140625 0.1328125
0 0.4671875 0.6828125 0.0515625 0.078125
0 0.390625 0.4890625 0.10234375 0.06796875
0 0.434375 0.43671875 0.11953125 0.08359375
0 0.434375 0.41328125 0.19296875 0.17421875
0 0.56953125 0.41796875 0.0796875 0.10859375
0 0.5859375 0.46953125 0.06796875 0.1234375
0 0.5 0.88671875 0.08046875 0.07890625
0 0.81484375 0.78203125 0.14921875 0.090625
0 0.77890625 0.72421875 0.18515625 0.05859375
0 0.78515625 0.61171875 0.1390625 0.05546875
0 0.88828125 0.58046875 0.08359375 0.0609375
0 0.9359375 0.53203125 0.1109375 0.08046875
0 0.91875 0.26796875 0.0953125 0.11484375
0 0.8890625 0.41484375 0.0609375 0.09375
0 0.853125 0.4109375 0.03828125 0.05078125
0 0.74140625 0.31953125 0.11953125 0.0625
0 0.84453125 0.35859375 0.1046875 0.046875
0 0.77890625 0.26015625 0.06640625 0.12890625
0 0.83828125 0.23203125 0.096875 0.11796875
0 0.85546875 0.14375 0.1578125 0.0875
0 0.8609375 0.10625 0.11640625 0.0828125
0 0.96328125 0.06171875 0.0734375 0.05546875
0 0.7953125 0.075 0.09140625 0.0625
0 0.796875 0.03125 0.0625 0.0625
0 0.70078125 0.06640625 0.05703125 0.1328125
0 0.63125 0.184375 0.06640625 0.12265625
0 0.71328125 0.19921875 0.090625 0.071875
0 0.4953125 0.09765625 0.07109375 0.07421875
0 0.57421875 0.18828125 0.0875 0.121875
0 0.55703125 0.0734375 0.0828125 0.12265625
0 0.36328125 0.10546875 0.053125 0.10078125
0 0.40859375 0.1015625 0.075 0.1421875
0 0.46171875 0.1453125 0.071875 0.11640625
0 0.38515625 0.0171875 0.128125 0.034375
0 0.40703125 0.2421875 0.1703125 0.13125
0 0.41015625 0.3078125 0.16015625 0.09375
0 0.31484375 0.265625 0.0703125 0.06015625
0 0.35390625 0.2328125 0.059375 0.14609375
0 0.290625 0.3125 0.16875 0.04609375
0 0.26171875 0.35546875 0.203125 0.0859375
0 0.56875 0.31484375 0.08125 0.1265625
0 0.653125 0.40703125 0.0484375 0.1453125
0 0.68125 0.48984375 0.1875 0.128125
0 0.63984375 0.6234375 0.08203125 0.06640625
0 0.91171875 0.92421875 0.16328125 0.15078125
0 0.86015625 0.94765625 0.125 0.10390625
0 0.48828125 0.57734375 0.0984375 0.05390625
0 0.76640625 0.42421875 0.10703125 0.0953125
0 0.7640625 0.440625 0.17109375 0.13203125
0 0.75390625 0.5234375 0.22890625 0.0578125
0 0.3 0.221875 0.0625 0.075
0 0.21875 0.2125 0.05078125 0.1125
0 0.29765625 0.1109375 0.1109375 0.05390625
0 0.0171875 0.2390625 0.034375 0.059375
0 0.03359375 0.13046875 0.0671875 0.05390625
0 0.95859375 0.346875 0.0828125 0.065625
0 0.04609375 0.16171875 0.0921875 0.1078125
0 0.96796875 0.9 0.0640625 0.0453125
0 0.91484375 0.02109375 0.12578125 0.0421875
0 0.5234375 0.0296875 0.06015625 0.05859375
0 0.5296875 0.2453125 0.0703125 0.07890625
0 0.4921875 0.2640625 0.1015625 0.05234375
0 0.71484375 0.271875 0.05703125 0.06328125
0 0.334375 0.44296875 0.0609375 0.0515625
0 0.2078125 0.40625 0.0640625 0.046875
0 0.340625 0.53828125 0.06484375 0.053125
0 0.73125 0.66875 0.21328125 0.04765625
0 0.47265625 0.9171875 0.1734375 0.134375
0 0.32421875 0.859375 0.0765625 0.053125
0 0.940625 0.6578125 0.09765625 0.096875
0 0.43125 0.459375 0.11171875 0.1140625
0 0.7015625 0.58359375 0.15 0.07578125
0 0.71484375 0.54140625 0.09765625 0.11796875
0 0.66328125 0.5390625 0.04921875 0.02734375
0 0.6984375 0.5671875 0.0421875 0.0296875
0 0.71875 0.3484375 0.12890625 0.0765625
0 0.0375 0.03359375 0.065625 0.0671875
0 0.0171875 0.06953125 0.034375 0.06171875
0 0.065625 0.0609375 0.1140625 0.04453125