0 0.04609375 0.3984375 0.0921875 0.196875
0 0.1140625 0.51171875 0.12421875 0.13046875
0 0.24453125 0.428125 0.09140625 0.18515625
0 0.1546875 0.20390625 0.153125 0.19140625
0 0.19921875 0.21484375 0.0953125 0.1171875
0 0.33125 0.1921875 0.07578125 0.0921875
0 0.678125 0.621875 0.08359375 0.0625
0 0.91953125 0.646875 0.15 0.15859375
0 0.78515625 0.40859375 0.1234375 0.0734375
0 0.68984375 0.4546875 0.084375 0.05703125
0 0.65078125 0.5578125 0.2640625 0.153125
0 0.53671875 0.58203125 0.09296875 0.053125
0 0.51875 0.7171875 0.14921875 0.11953125
0 0.67734375 0.946875 0.13671875 0.06953125
0 0.43515625 0.86484375 0.08125 0.08203125
0 0.3125 0.8484375 0.084375 0.14609375
0 0.2859375 0.87734375 0.06796875 0.10234375
0 0.21640625 0.55234375 0.10078125 0.078125
0 0.16328125 0.57421875 0.15859375 0.12109375
0 0.31875 0.4359375 0.10859375 0.09609375
0 0.328125 0.509375 0.0796875 0.1390625
0 0.471875 0.60234375 0.121875 0.09453125
0 0.365625 0.62265625 0.1375 0.0609375
0 0.37109375 0.5734375 0.10703125 0.06484375
0 0.41953125 0.54140625 0.1765625 0.08984375
0 0.36171875 0.5359375 0.1125 0.1140625
0 0.40625 0.3578125 0.0546875 0.13359375
0 0.6984375 0.36953125 0.1859375 0.13984375
0 0.4078125 0.3078125 0.1390625 0.096875
0 0.5609375 0.31328125 0.103125 0.11015625
0 0.65 0.271875 0.171875 0.07578125
0 0.4875 0.25 0.10078125 0.1046875
0 0.46484375 0.1109375 0.271875 0.06484375
0 0.509375 0.07734375 0.15859375 0.0453125
0 0.7046875 0.16171875 0.12109375 0.15703125
0 0.6546875 0.1515625 0.059375 0.07890625
0 0.734375 0.871875 0.06796875 0.08359375
0 0.6078125 0.81875 0.06484375 0.10859375
0 0.52109375 0.9015625 0.15703125 0.09609375
0 0.3 0.95703125 0.1125 0.06640625
0 0.178125 0.95859375 0.0765625 0.0390625
0 0.1828125 0.86796875 0.12265625 0.109375
0 0.1484375 0.8734375 0.084375 0.09765625
0 0.0921875 0.88046875 0.1171875 0.04140625
0 0.06015625 0.87265625 0.07578125 0.07578125
0 0.159375 0.7671875 0.128125 0.08515625
0 0.7546875 0.82578125 0.06640625 0.10703125
0 0.6671875 0.8671875 0.08203125 0.1046875
0 0.83828125 0.8453125 0.1390625 0.046875
0 0.8875 0.85390625 0.221875 0.10078125
0 0.9328125 0.859375 0.134375 0.06875
0 0.90703125 0.7234375 0.09765625 0.09765625
0 0.40703125 0.91484375 0.115625 0.07421875
0 0.04375 0.934375 0.0875 0.0421875
0 0.078125 0.9140625 0.15625 0.0625
0 0.053125 0.80078125 0.10546875 0.06171875
0 0.08515625 0.7421875 0.0703125 0.084375
0 0.03828125 0.75703125 0.0765625 0.0578125
0 0.41953125 0.97265625 0.28828125 0.0546875
0 0.96171875 0.9484375 0.0765625 0.0578125
0 0.765625 0.9796875 0.1125 0.03984375
0 0.96640625 0.396875 0.0671875 0.05
0 0.9203125 0.3671875 0.159375 0.06171875
0 0.95703125 0.315625 0.0859375 0.071875
0 0.03203125 0.25625 0.0640625 0.09921875
0 0.665625 0.3171875 0.08359375 0.0546875
0 0.57265625 0.13515625 0.17734375 0.15234375
0 0.4578125 0.20625 0.08046875 0.090625
0 0.1390625 0.65546875 0.203125 0.06328125