0 0.11171875 0.07734375 0.06875 0.0765625
0 0.21015625 0.0578125 0.0609375 0.09375
0 0.2546875 0.090625 0.084375 0.07421875
0 0.271875 0.13828125 0.11015625 0.084375
0 0.10234375 0.1953125 0.05 0.0921875
0 0.1640625 0.14765625 0.0421875 0.11484375
0 0.20234375 0.1765625 0.03828125 0.07109375
0 0.25859375 0.20078125 0.08515625 0.04296875
0 0.2171875 0.2625 0.04375 0.09296875
0 0.1421875 0.5 0.134375 0.06796875
0 0.14375 0.58671875 0.15390625 0.05859375
0 0.1484375 0.6609375 0.09921875 0.05078125
0 0.1546875 0.746875 0.16015625 0.05234375
0 0.14453125 0.86328125 0.146875 0.065625
0 0.4859375 0.84296875 0.09609375 0.07265625
0 0.4890625 0.70234375 0.1125 0.0328125
0 0.5125 0.71875 0.12109375 0.0296875
0 0.6171875 0.20546875 0.05 0.0578125
0 0.61484375 0.2875 0.05703125 0.0515625
0 0.61484375 0.3546875 0.0515625 0.03984375
0 0.60625 0.4328125 0.0328125 0.0453125
0 0.62578125 0.50546875 0.0515625 0.04453125
0 0.62421875 0.57890625 0.03046875 0.06328125
0 0.85390625 0.27421875 0.08828125 0.05234375
0 0.85078125 0.3484375 0.1203125 0.0640625
0 0.84921875 0.44375 0.1328125 0.07109375
0 0.8484375 0.5296875 0.0984375 0.05703125
0 0.8296875 0.63125 0.11328125 0.065625
0 0.7921875 0.72421875 0.12890625 0.07890625
0 0.78671875 0.8109375 0.103125 0.0546875
0 0.83203125 0.90078125 0.11171875 0.0515625