0 0.80078125 0.98125 0.196875 0.0375
0 0.525 0.71796875 0.109375 0.15
0 0.42109375 0.62734375 0.1125 0.065625
0 0.62890625 0.5625 0.05625 0.06875
0 0.68984375 0.59921875 0.159375 0.25
0 0.665625 0.71171875 0.05 0.078125
0 0.6390625 0.77578125 0.1 0.11875
0 0.66484375 0.8 0.084375 0.1234375
0 0.61015625 0.87109375 0.0609375 0.14375
0 0.696875 0.825 0.0875 0.159375
0 0.69765625 0.88359375 0.115625 0.1125
0 0.72109375 0.91328125 0.140625 0.078125
0 0.790625 0.92578125 0.096875 0.096875
0 0.87890625 0.846875 0.140625 0.05625
0 0.92109375 0.8484375 0.096875 0.121875
0 0.96484375 0.78203125 0.0703125 0.125
0 0.925 0.69765625 0.10625 0.096875
0 0.95234375 0.61640625 0.0953125 0.1734375
0 0.9921875 0.21640625 0.015625 0.1140625
0 0.940625 0.1984375 0.034375 0.11875
0 0.890625 0.315625 0.065625 0.190625
0 0.93828125 0.2859375 0.059375 0.115625
0 0.8421875 0.4640625 0.075 0.115625
0 0.7953125 0.565625 0.065625 0.08125
0 0.8765625 0.5546875 0.15 0.178125
0 0.61328125 0.32109375 0.159375 0.153125
0 0.5375 0.246875 0.0921875 0.1515625
0 0.690625 0.065625 0.06875 0.13125
0 0.52890625 0.3234375 0.1 0.1078125
0 0.803125 0.01015625 0.040625 0.0203125
0 0.8734375 0.14609375 0.065625 0.15625
0 0.8640625 0.2578125 0.059375 0.13125
0 0.48046875 0.2234375 0.084375 0.1640625
0 0.5640625 0.03203125 0.134375 0.0640625
0 0.42578125 0.0515625 0.084375 0.103125
0 0.38046875 0.08046875 0.090625 0.128125
0 0.3421875 0.10546875 0.05625 0.06875
0 0.40234375 0.2515625 0.1109375 0.203125
0 0.39140625 0.33984375 0.115625 0.228125
0 0.4 0.3859375 0.0625 0.1375
0 0.42265625 0.47734375 0.1203125 0.078125
0 0.37734375 0.4890625 0.0875 0.0765625
0 0.37890625 0.5625 0.109375 0.075
0 0.33125 0.71328125 0.115625 0.15
0 0.3625 0.790625 0.0796875 0.0765625
0 0.315625 0.8578125 0.0375 0.0734375
0 0.3140625 0.8265625 0.071875 0.103125
0 0.26015625 0.93046875 0.075 0.1078125
0 0.3796875 0.928125 0.15 0.0734375
0 0.34453125 0.9515625 0.1 0.0546875
0 0.65859375 0.87265625 0.0640625 0.1125
0 0.2375 0.815625 0.084375 0.2625
0 0.15859375 0.9515625 0.0921875 0.096875
0 0.08828125 0.9625 0.0703125 0.075
0 0.059375 0.8609375 0.11875 0.06875
0 0.04921875 0.875 0.096875 0.1140625
0 0.0203125 0.87734375 0.040625 0.071875
0 0.02265625 0.9625 0.0421875 0.075
0 0.0515625 0.978125 0.046875 0.04375
0 0.03359375 0.7203125 0.0421875 0.0703125
0 0.01953125 0.57734375 0.0375 0.146875
0 0.06640625 0.56953125 0.071875 0.2015625
0 0.13828125 0.48203125 0.0515625 0.1203125
0 0.13359375 0.56953125 0.0546875 0.078125
0 0.0921875 0.55859375 0.0515625 0.078125
0 0.015625 0.42734375 0.03125 0.08125
0 0.03984375 0.44140625 0.078125 0.09375
0 0.04921875 0.46171875 0.090625 0.146875
0 0.1421875 0.26875 0.103125 0.071875
0 0.21171875 0.36171875 0.071875 0.140625
0 0.23046875 0.4734375 0.078125 0.14375
0 0.2015625 0.6046875 0.0625 0.196875
0 0.0453125 0.2875 0.090625 0.121875
0 0.29140625 0.21953125 0.071875 0.153125
0 0.22890625 0.14765625 0.046875 0.115625
0 0.2546875 0.06796875 0.140625 0.1265625
0 0.12734375 0.028125 0.121875 0.05625
0 0.10546875 0.01015625 0.059375 0.0203125
0 0.11328125 0.08671875 0.1125 0.171875
0 0.28125 0.55078125 0.075 0.1359375