0 0.94375 0.9296875 0.1125 0.11875
0 0.97421875 0.79609375 0.0515625 0.1046875
0 0.784375 0.93671875 0.121875 0.1265625
0 0.8234375 0.03671875 0.0953125 0.0734375
0 0.86015625 0.14140625 0.11875 0.09375
0 0.946875 0.709375 0.0984375 0.14375
0 0.88203125 0.72578125 0.175 0.25625
0 0.85 0.2234375 0.096875 0.109375
0 0.69609375 0.1546875 0.1171875 0.171875
0 0.77734375 0.13046875 0.090625 0.134375
0 0.71875 0.621875 0.165625 0.1546875
0 0.76015625 0.74140625 0.190625 0.1484375
0 0.7046875 0.8453125 0.165625 0.1109375
0 0.5984375 0.54375 0.1 0.153125
0 0.6015625 0.840625 0.125 0.29375
0 0.584375 0.9171875 0.109375 0.165625
0 0.50390625 0.67421875 0.109375 0.10625
0 0.49765625 0.72890625 0.0765625 0.084375
0 0.475 0.8625 0.1265625 0.165625
0 0.446875 0.871875 0.184375 0.25625
0 0.4125 0.93359375 0.109375 0.1328125
0 0.29765625 0.92890625 0.1546875 0.1421875
0 0.22890625 0.92265625 0.1015625 0.1546875
0 0.0375 0.8234375 0.075 0.253125
0 0.140625 0.625 0.11875 0.1125
0 0.10703125 0.85625 0.0625 0.2875
0 0.24140625 0.68203125 0.1 0.1546875
0 0.171875 0.8359375 0.05 0.190625
0 0.3296875 0.85546875 0.0921875 0.2890625
0 0.3171875 0.596875 0.134375 0.1671875
0 0.31640625 0.50859375 0.0796875 0.1578125
0 0.11015625 0.41875 0.2203125 0.2
0 0.08984375 0.4734375 0.1796875 0.1125
0 0.978125 0.18515625 0.04375 0.128125
0 0.9328125 0.3328125 0.096875 0.128125
0 0.9671875 0.53984375 0.04375 0.06875
0 0.89609375 0.471875 0.0625 0.075
0 0.48515625 0.25390625 0.084375 0.215625
0 0.35703125 0.24765625 0.2125 0.2515625
0 0.34296875 0.03203125 0.190625 0.0640625
0 0.3875 0.51484375 0.103125 0.128125
0 0.28359375 0.31953125 0.1703125 0.165625
0 0.05859375 0.053125 0.1171875 0.10625
0 0.059375 0.0921875 0.11875 0.18125
0 0.03046875 0.159375 0.0609375 0.1640625
0 0.41875 0.740625 0.09375 0.103125
0 0.48203125 0.81171875 0.096875 0.11875
0 0.13515625 0.2046875 0.115625 0.140625