0 0.3328125 0.04609375 0.2296875 0.0703125
0 0.3203125 0.17109375 0.20703125 0.071875
0 0.28046875 0.31875 0.25 0.09765625
0 0.23125 0.453125 0.23359375 0.08359375
0 0.2015625 0.584375 0.1921875 0.07109375
0 0.1984375 0.68203125 0.19453125 0.06640625
0 0.17578125 0.81015625 0.22578125 0.07890625
0 0.22265625 0.90546875 0.2078125 0.08515625
0 0.671875 0.91796875 0.284375 0.071875
0 0.653125 0.75703125 0.35234375 0.13671875
0 0.6703125 0.603125 0.25 0.0671875
0 0.678125 0.44296875 0.25078125 0.09140625
0 0.68359375 0.290625 0.23359375 0.07734375
0 0.6953125 0.17734375 0.23671875 0.07265625
0 0.69453125 0.0421875 0.25078125 0.08046875
0 0.0546875 0.06015625 0.109375 0.0515625
0 0.05390625 0.1625 0.1078125 0.04296875
0 0.04765625 0.271875 0.0953125 0.03828125
0 0.02265625 0.403125 0.0453125 0.03671875