0 0.86953125 0.8625 0.059375 0.071875
0 0.9921875 0.56796875 0.015625 0.0671875
0 0.978125 0.51796875 0.034375 0.053125
0 0.99375 0.32265625 0.0125 0.0875
0 0.99140625 0.41015625 0.0171875 0.0609375
0 0.98359375 0.44375 0.0328125 0.059375
0 0.9796875 0.465625 0.040625 0.06875
0 0.95390625 0.478125 0.0640625 0.134375
0 0.971875 0.415625 0.021875 0.0609375
0 0.9828125 0.390625 0.034375 0.059375
0 0.9296875 0.496875 0.0375 0.0921875
0 0.9015625 0.5421875 0.053125 0.0703125
0 0.9015625 0.51015625 0.034375 0.040625
0 0.89921875 0.4734375 0.040625 0.05625
0 0.9265625 0.6078125 0.05625 0.0484375
0 0.903125 0.57578125 0.0578125 0.053125
0 0.88046875 0.625 0.04375 0.0640625
0 0.85234375 0.596875 0.0625 0.0515625
0 0.83671875 0.66484375 0.0421875 0.075
0 0.871875 0.5484375 0.025 0.0640625
0 0.928125 0.4453125 0.0296875 0.0484375
0 0.940625 0.384375 0.05625 0.05625
0 0.9796875 0.35078125 0.03125 0.0703125
0 0.9703125 0.34375 0.059375 0.03125
0 0.9390625 0.38125 0.0484375 0.153125
0 0.90546875 0.34140625 0.025 0.046875
0 0.9140625 0.37109375 0.025 0.0453125
0 0.88828125 0.3890625 0.05625 0.1015625
0 0.86484375 0.40625 0.05625 0.065625
0 0.84609375 0.3421875 0.04375 0.078125
0 0.8359375 0.49140625 0.0421875 0.0765625
0 0.80859375 0.540625 0.0609375 0.040625
0 0.7984375 0.6140625 0.040625 0.06875
0 0.77421875 0.65 0.065625 0.053125
0 0.734375 0.70234375 0.0625 0.05625
0 0.72421875 0.61875 0.0375 0.103125
0 0.6984375 0.6359375 0.03125 0.059375
0 0.671875 0.6578125 0.025 0.109375
0 0.66328125 0.72734375 0.05 0.196875
0 0.63359375 0.684375 0.04375 0.178125
0 0.60703125 0.8265625 0.0375 0.125
0 0.57421875 0.8625 0.03125 0.08125
0 0.5359375 0.87265625 0.0515625 0.08125
0 0.51640625 0.903125 0.0328125 0.053125
0 0.49765625 0.97578125 0.0546875 0.0484375
0 0.39453125 0.98125 0.0828125 0.0375
0 0.34375 0.925 0.075 0.0796875
0 0.746875 0.58515625 0.04375 0.0875
0 0.7390625 0.54453125 0.0828125 0.04375
0 0.715625 0.51171875 0.0625 0.084375
0 0.68984375 0.5328125 0.0375 0.084375
0 0.65078125 0.49140625 0.021875 0.0359375
0 0.640625 0.46171875 0.034375 0.0640625
0 0.65234375 0.51484375 0.0484375 0.0390625
0 0.62578125 0.55078125 0.059375 0.09375
0 0.609375 0.59375 0.028125 0.096875
0 0.603125 0.690625 0.034375 0.115625
0 0.57734375 0.5453125 0.0359375 0.090625
0 0.5671875 0.58515625 0.0625 0.1140625
0 0.55859375 0.64765625 0.075 0.09375
0 0.5625 0.67890625 0.0328125 0.103125
0 0.5359375 0.75546875 0.03125 0.121875
0 0.51953125 0.75 0.025 0.1
0 0.4890625 0.80078125 0.040625 0.071875
0 0.475 0.8484375 0.078125 0.08125
0 0.4375 0.83125 0.05 0.090625
0 0.815625 0.5015625 0.0359375 0.0875
0 0.796875 0.4546875 0.046875 0.08125
0 0.7515625 0.48046875 0.03125 0.103125
0 0.75859375 0.44140625 0.04375 0.1
0 0.75 0.409375 0.0875 0.0265625
0 0.7734375 0.40078125 0.03125 0.021875
0 0.78359375 0.40859375 0.059375 0.096875
0 0.75 0.36640625 0.03125 0.040625
0 0.7171875 0.43203125 0.0546875 0.0703125
0 0.7 0.46640625 0.0796875 0.0453125
0 0.61640625 0.46953125 0.0359375 0.078125
0 0.61328125 0.4625 0.0484375 0.10625
0 0.6046875 0.4078125 0.046875 0.1140625
0 0.49375 0.73203125 0.0453125 0.071875
0 0.5109375 0.69296875 0.0609375 0.025
0 0.4953125 0.67734375 0.109375 0.0375
0 0.51015625 0.63984375 0.0625 0.046875
0 0.5234375 0.5953125 0.05 0.0796875
0 0.8109375 0.3875 0.0609375 0.084375
0 0.77578125 0.34453125 0.05625 0.06875
0 0.79921875 0.3234375 0.065625 0.084375
0 0.81015625 0.28984375 0.0453125 0.0421875
0 0.79765625 0.3078125 0.053125 0.053125
0 0.93828125 0.309375 0.053125 0.0625
0 0.959375 0.31015625 0.053125 0.053125
0 0.98046875 0.275 0.0390625 0.05625
0 0.9734375 0.24921875 0.053125 0.0703125
0 0.9625 0.2453125 0.046875 0.0625
0 0.971875 0.21484375 0.05625 0.075
0 0.971875 0.1703125 0.05625 0.1125
0 0.9734375 0.01484375 0.053125 0.0296875
0 0.9875 0.0328125 0.025 0.0625
0 0.9765625 0.0546875 0.046875 0.028125
0 0.9546875 0.13359375 0.090625 0.0921875
0 0.971875 0.0921875 0.053125 0.053125
0 0.934375 0.0953125 0.034375 0.034375
0 0.9546875 0.0625 0.059375 0.0375
0 0.9484375 0.05390625 0.053125 0.0703125
0 0.91875 0.025 0.034375 0.05
0 0.90234375 0.05078125 0.046875 0.05
0 0.8859375 0.07734375 0.06875 0.075
0 0.87578125 0.1265625 0.0421875 0.10625
0 0.903125 0.13125 0.0390625 0.046875
0 0.93984375 0.175 0.0421875 0.046875
0 0.9265625 0.278125 0.04375 0.0484375
0 0.90234375 0.296875 0.0375 0.053125
0 0.87421875 0.296875 0.046875 0.0921875
0 0.90390625 0.2671875 0.040625 0.0578125
0 0.9 0.23984375 0.040625 0.0203125
0 0.89609375 0.2203125 0.0375 0.0296875
0 0.921875 0.21796875 0.05625 0.078125
0 0.85625 0.0203125 0.04375 0.040625
0 0.82734375 0.271875 0.065625 0.053125
0 0.825 0.2515625 0.03125 0.053125
0 0.81015625 0.2609375 0.021875 0.0265625
0 0.8515625 0.2171875 0.05 0.084375
0 0.875 0.25078125 0.021875 0.046875
0 0.90703125 0.1671875 0.0765625 0.1234375
0 0.8484375 0.0953125 0.03125 0.0625
0 0.8390625 0.11796875 0.0546875 0.0875
0 0.8171875 0.13671875 0.046875 0.059375
0 0.81328125 0.17109375 0.06875 0.075
0 0.775 0.20546875 0.0609375 0.059375
0 0.7578125 0.2828125 0.0484375 0.0875
0 0.78984375 0.12421875 0.046875 0.065625
0 0.77734375 0.0640625 0.08125 0.03125
0 0.83046875 0.0546875 0.034375 0.025
0 0.83046875 0.06640625 0.05625 0.05
0 0.8171875 0.02734375 0.053125 0.0484375
0 0.81953125 0.00703125 0.040625 0.0140625
0 0.81953125 0.21484375 0.0734375 0.125
0 0.75625 0.0109375 0.0640625 0.021875
0 0.7453125 0.0265625 0.1 0.053125
0 0.73359375 0.02578125 0.059375 0.05
0 0.71015625 0.0296875 0.0703125 0.059375
0 0.71796875 0.0546875 0.059375 0.0921875
0 0.678125 0.00859375 0.05 0.0171875
0 0.6859375 0.05 0.05 0.0875
0 0.76484375 0.109375 0.046875 0.0984375
0 0.7375 0.1421875 0.034375 0.0734375
0 0.73125 0.1921875 0.040625 0.053125
0 0.725 0.23515625 0.05625 0.06875
0 0.73046875 0.2765625 0.0296875 0.04375
0 0.71484375 0.15 0.05625 0.028125
0 0.71328125 0.1171875 0.028125 0.05625
0 0.6953125 0.1703125 0.046875 0.0375
0 0.6734375 0.42734375 0.08125 0.065625
0 0.659375 0.3640625 0.0890625 0.115625
0 0.65078125 0.3296875 0.08125 0.040625
0 0.6875 0.3484375 0.059375 0.0546875
0 0.70546875 0.36171875 0.0984375 0.0875
0 0.7125 0.3828125 0.0484375 0.046875
0 0.63671875 0.26484375 0.103125 0.0796875
0 0.659375 0.24921875 0.10625 0.071875
0 0.67734375 0.225 0.034375 0.0765625
0 0.6578125 0.21796875 0.025 0.096875
0 0.63046875 0.1953125 0.05 0.04375
0 0.63046875 0.22421875 0.028125 0.034375
0 0.60625 0.30546875 0.05625 0.0375
0 0.58671875 0.33671875 0.0296875 0.03125
0 0.5609375 0.4328125 0.05625 0.0671875
0 0.54375 0.51640625 0.04375 0.090625
0 0.515625 0.51796875 0.0484375 0.0703125
0 0.4625 0.73828125 0.05 0.0625
0 0.446875 0.75 0.040625 0.034375
0 0.44375 0.7734375 0.096875 0.0390625
0 0.39453125 0.7609375 0.025 0.090625
0 0.36640625 0.8 0.059375 0.0375
0 0.36796875 0.82890625 0.0734375 0.0734375
0 0.3296875 0.81328125 0.046875 0.121875
0 0.2921875 0.828125 0.0328125 0.1328125
0 0.27578125 0.86328125 0.0390625 0.1125
0 0.26640625 0.78984375 0.034375 0.040625
0 0.246875 0.8734375 0.0421875 0.096875
0 0.225 0.934375 0.078125 0.13125
0 0.2296875 0.83671875 0.0390625 0.090625
0 0.49375 0.60234375 0.08125 0.125
0 0.47578125 0.57578125 0.053125 0.0796875
0 0.425 0.68359375 0.0375 0.0875
0 0.41796875 0.6875 0.0375 0.08125
0 0.378125 0.68125 0.03125 0.05625
0 0.36640625 0.7328125 0.0375 0.075
0 0.2890625 0.71875 0.109375 0.11875
0 0.22421875 0.78046875 0.0375 0.0953125
0 0.22265625 0.65703125 0.0625 0.1328125
0 0.18984375 0.7953125 0.065625 0.1578125
0 0.20234375 0.69453125 0.034375 0.1125
0 0.17734375 0.74296875 0.0328125 0.159375
0 0.17578125 0.67734375 0.0546875 0.146875
0 0.1734375 0.60625 0.05625 0.1296875
0 0.13203125 0.734375 0.0546875 0.1453125
0 0.09765625 0.78203125 0.078125 0.0875
0 0.11640625 0.821875 0.075 0.0703125
0 0.0515625 0.7625 0.0328125 0.1125
0 0.07734375 0.69921875 0.0875 0.1046875
0 0.103125 0.6625 0.059375 0.096875
0 0.028125 0.82109375 0.05625 0.0828125
0 0.021875 0.75234375 0.04375 0.090625
0 0.0296875 0.7296875 0.059375 0.121875
0 0.0328125 0.65546875 0.065625 0.0859375
0 0.0140625 0.69765625 0.028125 0.1265625
0 0.0125 0.50625 0.025 0.071875
0 0.034375 0.55859375 0.06875 0.071875
0 0.0359375 0.50546875 0.059375 0.059375
0 0.03515625 0.5703125 0.0515625 0.05
0 0.075 0.56484375 0.040625 0.096875
0 0.11484375 0.54296875 0.090625 0.1
0 0.1375 0.58359375 0.065625 0.0796875
0 0.09453125 0.58203125 0.0453125 0.078125
0 0.128125 0.63828125 0.034375 0.109375
0 0.0953125 0.4921875 0.096875 0.08125
0 0.059375 0.41171875 0.11875 0.1484375
0 0.15 0.45625 0.084375 0.0625
0 0.19140625 0.496875 0.0375 0.053125
0 0.21953125 0.54921875 0.028125 0.0375
0 0.23515625 0.578125 0.034375 0.071875
0 0.26328125 0.64140625 0.03125 0.046875
0 0.284375 0.64453125 0.0671875 0.1
0 0.30859375 0.640625 0.0578125 0.09375
0 0.36484375 0.56328125 0.109375 0.1953125
0 0.34140625 0.653125 0.01875 0.09375
0 0.35703125 0.684375 0.03125 0.0625
0 0.35859375 0.6234375 0.034375 0.0796875
0 0.3796875 0.58828125 0.0359375 0.0890625
0 0.40859375 0.62734375 0.09375 0.0515625
0 0.4359375 0.565625 0.021875 0.065625
0 0.425 0.559375 0.0265625 0.096875
0 0.40859375 0.546875 0.025 0.1625
0 0.33203125 0.57578125 0.03125 0.053125
0 0.33984375 0.5390625 0.034375 0.084375
0 0.34921875 0.4703125 0.05 0.084375
0 0.32734375 0.50625 0.040625 0.1203125
0 0.27734375 0.5796875 0.09375 0.0875
0 0.29296875 0.51171875 0.028125 0.096875
0 0.26171875 0.5109375 0.0328125 0.15
0 0.2421875 0.44609375 0.08125 0.140625
0 0.2421875 0.43828125 0.05625 0.0609375
0 0.25078125 0.39765625 0.046875 0.075
0 0.22734375 0.3953125 0.0625 0.084375
0 0.18359375 0.4046875 0.0546875 0.046875
0 0.05703125 0.3828125 0.071875 0.059375
0 0.275 0.47734375 0.028125 0.140625
0 0.3171875 0.43828125 0.065625 0.059375
0 0.2921875 0.40546875 0.04375 0.0734375
0 0.240625 0.31796875 0.04375 0.0640625
0 0.2875 0.32109375 0.096875 0.1234375
0 0.33515625 0.3890625 0.09375 0.0328125
0 0.040625 0.32265625 0.046875 0.04375
0 0.00625 0.33125 0.0125 0.046875
0 0.02265625 0.271875 0.0453125 0.065625
0 0.04375 0.26796875 0.0875 0.1046875
0 0.04453125 0.2046875 0.0890625 0.053125
0 0.0578125 0.1921875 0.028125 0.028125
0 0.02890625 0.08125 0.053125 0.0875
0 0.02265625 0.021875 0.0453125 0.04375
0 0.0875 0.1328125 0.078125 0.05
0 0.11015625 0.02109375 0.0796875 0.040625
0 0.17421875 0.0140625 0.0640625 0.028125
0 0.1703125 0.04375 0.1 0.0734375
0 0.134375 0.07265625 0.034375 0.1125
0 0.1390625 0.19296875 0.05625 0.090625
0 0.21796875 0.2984375 0.1 0.15625
0 0.28515625 0.2203125 0.05625 0.09375
0 0.1875 0.18125 0.0609375 0.090625
0 0.14453125 0.25859375 0.028125 0.046875
0 0.09921875 0.259375 0.0515625 0.065625
0 0.0984375 0.34296875 0.0359375 0.13125
0 0.115625 0.3453125 0.0234375 0.1
0 0.1484375 0.30625 0.0625 0.071875
0 0.07109375 0.296875 0.040625 0.125
0 0.1484375 0.35546875 0.053125 0.071875
0 0.16875 0.09921875 0.06875 0.1
0 0.20625 0.103125 0.115625 0.1203125
0 0.2578125 0.0453125 0.1125 0.090625
0 0.22578125 0.0203125 0.103125 0.040625
0 0.24375 0.0125 0.08125 0.025
0 0.30859375 0.01640625 0.06875 0.0328125
0 0.2875 0.08359375 0.0625 0.1046875
0 0.29375 0.11171875 0.1 0.178125
0 0.33046875 0.08984375 0.0421875 0.075
0 0.32734375 0.16875 0.0421875 0.090625
0 0.325 0.23203125 0.071875 0.0765625
0 0.32890625 0.27265625 0.065625 0.1125
0 0.346875 0.340625 0.046875 0.0828125
0 0.36875 0.3140625 0.040625 0.09375
0 0.371875 0.40546875 0.1046875 0.0390625
0 0.36953125 0.4421875 0.0375 0.0375
0 0.36015625 0.41640625 0.0453125 0.0484375
0 0.37578125 0.43515625 0.03125 0.04375
0 0.396875 0.42734375 0.0328125 0.1125
0 0.40078125 0.4453125 0.0296875 0.071875
0 0.38125 0.29609375 0.03125 0.090625
0 0.3765625 0.1796875 0.04375 0.165625
0 0.37890625 0.09765625 0.059375 0.115625
0 0.359375 0.078125 0.028125 0.096875
0 0.353125 0.01953125 0.0515625 0.0375
0 0.38828125 0.02109375 0.059375 0.040625
0 0.4234375 0.13671875 0.0421875 0.0484375
0 0.45546875 0.10546875 0.1515625 0.0703125
0 0.44765625 0.01953125 0.103125 0.0390625
0 0.50234375 0.059375 0.084375 0.11875
0 0.46875 0.0609375 0.06875 0.053125
0 0.496875 0.03828125 0.0953125 0.040625
0 0.48046875 0.05390625 0.1125 0.0421875
0 0.48359375 0.0921875 0.059375 0.05
0 0.53984375 0.06171875 0.1265625 0.1234375
0 0.66015625 0.05078125 0.0703125 0.1015625
0 0.67734375 0.1171875 0.03125 0.05625
0 0.67421875 0.159375 0.025 0.046875
0 0.64765625 0.09140625 0.05 0.125
0 0.61953125 0.07734375 0.0703125 0.0828125
0 0.61171875 0.11171875 0.06875 0.0640625
0 0.603125 0.1265625 0.0515625 0.0390625
0 0.5640625 0.09765625 0.0484375 0.0671875
0 0.54375 0.103125 0.03125 0.046875
0 0.57578125 0.0703125 0.015625 0.025
0 0.58515625 0.00625 0.0296875 0.0125
0 0.5875 0.03203125 0.078125 0.0640625
0 0.57734375 0.13203125 0.090625 0.18125
0 0.60859375 0.17109375 0.05 0.109375
0 0.5953125 0.20703125 0.021875 0.0390625
0 0.57265625 0.16015625 0.090625 0.05625
0 0.54140625 0.153125 0.04375 0.0328125
0 0.503125 0.1578125 0.05625 0.053125
0 0.47421875 0.153125 0.034375 0.065625
0 0.4734375 0.21484375 0.03125 0.059375
0 0.46484375 0.1875 0.046875 0.0703125
0 0.4421875 0.2015625 0.04375 0.059375
0 0.41484375 0.1625 0.071875 0.040625
0 0.38984375 0.18046875 0.0375 0.05625
0 0.4171875 0.225 0.03125 0.096875
0 0.40234375 0.225 0.0125 0.0671875
0 0.390625 0.246875 0.028125 0.0515625
0 0.42578125 0.25859375 0.0375 0.04375
0 0.459375 0.27109375 0.040625 0.065625
0 0.42109375 0.29609375 0.06875 0.03125
0 0.4375 0.34140625 0.0859375 0.075
0 0.41640625 0.3703125 0.103125 0.046875
0 0.41484375 0.3515625 0.034375 0.028125
0 0.490625 0.2546875 0.0390625 0.109375
0 0.5171875 0.30078125 0.04375 0.125
0 0.52265625 0.26796875 0.0390625 0.175
0 0.559375 0.3359375 0.0796875 0.134375
0 0.559375 0.2578125 0.075 0.078125
0 0.55078125 0.37578125 0.0609375 0.10625
0 0.50390625 0.4859375 0.0828125 0.146875
0 0.48515625 0.48671875 0.0375 0.0625
0 0.49765625 0.44765625 0.0625 0.103125
0 0.478125 0.459375 0.021875 0.03125
0 0.46015625 0.46015625 0.05 0.146875
0 0.44140625 0.421875 0.05 0.084375
0 0.4515625 0.4 0.028125 0.034375
0 0.4171875 0.41015625 0.0171875 0.075
0 0.48203125 0.34375 0.0640625 0.078125
0 0.49921875 0.396875 0.05625 0.0921875
0 0.7078125 0.10703125 0.0375 0.05
0 0.6390625 0.171875 0.078125 0.040625