0 0.21484375 0.69296875 0.128125 0.0296875
0 0.2140625 0.72890625 0.14765625 0.0328125
0 0.221875 0.7640625 0.10859375 0.02890625
0 0.221875 0.809375 0.13671875 0.03359375
0 0.2125 0.86640625 0.15234375 0.03828125
0 0.5140625 0.85234375 0.1046875 0.0421875
0 0.53359375 0.81484375 0.13671875 0.02734375
0 0.51484375 0.78359375 0.1140625 0.03359375
0 0.63359375 0.71796875 0.0578125 0.03671875
0 0.8390625 0.8890625 0.1234375 0.0375
0 0.7921875 0.8375 0.10859375 0.03828125
0 0.78984375 0.79140625 0.13125 0.04296875
0 0.821875 0.74453125 0.1203125 0.0453125
0 0.83828125 0.69140625 0.09921875 0.0328125
0 0.83515625 0.64609375 0.13203125 0.03984375
0 0.83359375 0.5984375 0.1140625 0.03671875
0 0.8375 0.56328125 0.096875 0.034375
0 0.62109375 0.53359375 0.05390625 0.0328125
0 0.62109375 0.5734375 0.0609375 0.0265625
0 0.62109375 0.6046875 0.05078125 0.02578125
0 0.61875 0.64296875 0.03203125 0.02265625
0 0.88046875 0.09375 0.09296875 0.03125
0 0.8953125 0.40625 0.0984375 0.02734375
0 0.88203125 0.3515625 0.1359375 0.0515625
0 0.88671875 0.29921875 0.109375 0.028125
0 0.88359375 0.24453125 0.090625 0.034375
0 0.88125 0.18828125 0.0953125 0.028125
0 0.8796875 0.14765625 0.08984375 0.025
0 0.73828125 0.0921875 0.090625 0.03203125
0 0.73984375 0.14296875 0.08046875 0.02734375
0 0.73046875 0.2 0.10078125 0.03984375
0 0.7203125 0.25234375 0.09765625 0.02578125
0 0.7140625 0.30078125 0.078125 0.02421875
0 0.7109375 0.33515625 0.08359375 0.02734375
0 0.70703125 0.38359375 0.10390625 0.034375
0 0.73125 0.41640625 0.075 0.03515625
0 0.59921875 0.23125 0.0859375 0.02578125
0 0.61171875 0.18203125 0.0859375 0.0265625
0 0.6125 0.1375 0.08203125 0.02421875
0 0.6046875 0.08984375 0.1046875 0.0359375
0 0.315625 0.071875 0.059375 0.05390625
0 0.259375 0.0359375 0.1125 0.02421875
0 0.25625 0.07578125 0.12109375 0.04609375
0 0.26484375 0.08984375 0.08984375 0.0375
0 0.2359375 0.05390625 0.0546875 0.07734375
0 0.1984375 0.06328125 0.08203125 0.08046875
0 0.253125 0.0234375 0.10078125 0.04609375
0 0.2171875 0.05625 0.04921875 0.065625
0 0.24765625 0.0828125 0.09453125 0.0453125
0 0.63515625 0.68125 0.0546875 0.02421875