0 0.98984375 0.08671875 0.0203125 0.1140625
0 0.93984375 0.08828125 0.05625 0.1546875
0 0.8828125 0.05703125 0.05 0.1140625
0 0.8203125 0.04765625 0.0421875 0.0953125
0 0.76171875 0.05546875 0.053125 0.1109375
0 0.70625 0.05859375 0.05 0.1171875
0 0.66015625 0.046875 0.0359375 0.09375
0 0.86015625 0.28125 0.04375 0.065625
0 0.81171875 0.278125 0.03125 0.0640625
0 0.76953125 0.30234375 0.034375 0.0421875
0 0.71875 0.30234375 0.034375 0.0625
0 0.67890625 0.3015625 0.0359375 0.0671875
0 0.62734375 0.30390625 0.0453125 0.059375
0 0.953125 0.40625 0.01875 0.1421875
0 0.94453125 0.42578125 0.0171875 0.125
0 0.98359375 0.796875 0.0328125 0.1671875
0 0.9296875 0.81171875 0.0375 0.1203125
0 0.88515625 0.8125 0.0328125 0.1703125
0 0.83125 0.81484375 0.0375 0.15625
0 0.68046875 0.73671875 0.059375 0.05625
0 0.3890625 0.02578125 0.071875 0.0515625
0 0.47578125 0.16171875 0.0484375 0.0921875
0 0.43125 0.19375 0.0484375 0.115625
0 0.36953125 0.19296875 0.0375 0.0921875
0 0.325 0.19140625 0.03125 0.0875
0 0.3203125 0.015625 0.0375 0.03125
0 0.2484375 0.015625 0.04375 0.03125
0 0.26015625 0.18125 0.040625 0.1203125
0 0.23828125 0.3390625 0.034375 0.103125
0 0.175 0.01484375 0.0375 0.0296875
0 0.12265625 0.015625 0.0359375 0.03125
0 0.04921875 0.01796875 0.0453125 0.0359375
0 0.190625 0.16796875 0.0453125 0.125
0 0.16796875 0.321875 0.034375 0.11875
0 0.11640625 0.15546875 0.03125 0.1
0 0.04609375 0.1578125 0.0375 0.1125
0 0.1078125 0.32890625 0.028125 0.1046875
0 0.04609375 0.340625 0.040625 0.128125
0 0.2734375 0.6765625 0.071875 0.0546875
0 0.35234375 0.67734375 0.0640625 0.0625
0 0.3421875 0.753125 0.0640625 0.0546875
0 0.4234375 0.66953125 0.0671875 0.075
0 0.49921875 0.66015625 0.0515625 0.065625
0 0.640625 0.6921875 0.03125 0.09375
0 0.603125 0.678125 0.053125 0.1265625
0 0.628125 0.75390625 0.04375 0.040625
0 0.57265625 0.7015625 0.046875 0.0875
0 0.5546875 0.75 0.059375 0.065625
0 0.51171875 0.77890625 0.04375 0.0671875
0 0.44140625 0.765625 0.05625 0.0671875
0 0.49453125 0.83046875 0.05625 0.0765625
0 0.40703125 0.82265625 0.0421875 0.065625
0 0.471875 0.859375 0.06875 0.0625
0 0.50546875 0.93515625 0.0578125 0.0796875
0 0.57265625 0.85859375 0.053125 0.0765625
0 0.64296875 0.86484375 0.05625 0.05625
0 0.61171875 0.7984375 0.0671875 0.0453125
0 0.02578125 0.72734375 0.0515625 0.071875
0 0.03046875 0.73125 0.0515625 0.05625
0 0.04921875 0.80546875 0.05 0.125
0 0.03125 0.88203125 0.0625 0.0734375
0 0.02890625 0.83359375 0.05625 0.065625
0 0.01953125 0.82109375 0.0390625 0.11875
0 0.0375 0.81484375 0.0546875 0.125
0 0.00625 0.78515625 0.0125 0.159375