0 0.98203125 0.90390625 0.034375 0.190625
0 0.3671875 0.72109375 0.1625 0.36875
0 0.24609375 0.79296875 0.0953125 0.25
0 0.1015625 0.80234375 0.184375 0.0828125
0 0.103125 0.9109375 0.1109375 0.178125
0 0.23515625 0.97421875 0.075 0.0515625
0 0.64140625 0.90625 0.0765625 0.1875
0 0.515625 0.94921875 0.190625 0.1
0 0.42890625 0.790625 0.1203125 0.125
0 0.4234375 0.7328125 0.115625 0.11875
0 0.1375 0.625 0.10625 0.1765625
0 0.02578125 0.240625 0.05 0.259375
0 0.63984375 0.025 0.165625 0.05
0 0.76171875 0.09375 0.0953125 0.1875
0 0.84609375 0.18046875 0.096875 0.2953125
0 0.98671875 0.31640625 0.0265625 0.225
0 0.9921875 0.56484375 0.015625 0.1828125
0 0.975 0.59453125 0.05 0.13125
0 0.93515625 0.68515625 0.128125 0.1984375
0 0.88671875 0.51875 0.115625 0.1921875
0 0.74453125 0.65703125 0.2546875 0.3984375
0 0.75625 0.48515625 0.040625 0.159375
0 0.67265625 0.403125 0.10625 0.1984375
0 0.7046875 0.15703125 0.228125 0.2140625
0 0.3109375 0.5390625 0.23125 0.259375
0 0.209375 0.46171875 0.121875 0.140625
0 0.02734375 0.909375 0.053125 0.165625
0 0.403125 0.96015625 0.23125 0.078125
0 0.87265625 0.8859375 0.096875 0.1765625
0 0.88203125 0.96015625 0.115625 0.078125
0 0.5 0.8484375 0.18125 0.140625
0 0.92734375 0.9265625 0.1453125 0.146875
0 0.9453125 0.8359375 0.109375 0.25625
0 0.6625 0.60234375 0.153125 0.25625
0 0.78046875 0.909375 0.196875 0.134375
0 0.91328125 0.78125 0.171875 0.11875
0 0.75859375 0.7859375 0.2375 0.1
0 0.81796875 0.67421875 0.090625 0.096875
0 0.8953125 0.65546875 0.1625 0.1890625
0 0.4 0.02890625 0.1625 0.0578125
0 0.16640625 0.41171875 0.259375 0.215625
0 0.10703125 0.25 0.1140625 0.171875
0 0.5421875 0.10078125 0.125 0.2015625
0 0.82109375 0.35 0.1046875 0.14375
0 0.74296875 0.375 0.1109375 0.140625
0 0.74296875 0.71875 0.096875 0.0796875