0 0.55625 0.20390625 0.0875 0.1296875
0 0.70078125 0.08359375 0.12109375 0.1296875
0 0.7109375 0.22734375 0.1203125 0.11640625
0 0.70703125 0.3671875 0.12890625 0.1328125
0 0.72578125 0.52734375 0.10859375 0.084375
0 0.39921875 0.33203125 0.11796875 0.09296875
0 0.5046875 0.40078125 0.146875 0.0984375
0 0.31640625 0.459375 0.13125 0.1375
0 0.16640625 0.521875 0.16875 0.121875
0 0.30703125 0.66171875 0.13984375 0.10703125
0 0.2859375 0.80625 0.1078125 0.1109375
0 0.54453125 0.89375 0.0875 0.11953125
0 0.63984375 0.81328125 0.184375 0.046875
0 0.36171875 0.509375 0.15078125 0.115625
0 0.47578125 0.54375 0.125 0.078125
0 0.5265625 0.63125 0.1265625 0.11875
0 0.63046875 0.67265625 0.18671875 0.096875
0 0.4265625 0.746875 0.09140625 0.140625
0 0.5140625 0.78515625 0.0796875 0.090625
0 0.665625 0.73984375 0.24140625 0.1078125