0 0.3203125 0.0796875 0.1421875 0.0484375
0 0.31953125 0.165625 0.06875 0.040625
0 0.3140625 0.22890625 0.115625 0.040625
0 0.29296875 0.30234375 0.109375 0.0328125
0 0.2890625 0.36796875 0.13125 0.040625
0 0.3046875 0.4453125 0.1390625 0.0625
0 0.546875 0.03671875 0.146875 0.046875
0 0.284375 0.51875 0.134375 0.046875
0 0.45234375 0.55078125 0.0875 0.0265625
0 0.55703125 0.609375 0.125 0.021875
0 0.26953125 0.5984375 0.159375 0.0375
0 0.27421875 0.65859375 0.153125 0.0328125
0 0.253125 0.71171875 0.10625 0.0375
0 0.2625 0.78125 0.115625 0.059375
0 0.5390625 0.1484375 0.1484375 0.05
0 0.7921875 0.03984375 0.109375 0.046875
0 0.9515625 0.04765625 0.096875 0.0578125
0 0.9484375 0.1234375 0.103125 0.046875
0 0.74375 0.1375 0.16875 0.0375
0 0.73046875 0.20078125 0.15 0.04375
0 0.93671875 0.2015625 0.125 0.0359375
0 0.53828125 0.2046875 0.103125 0.0328125
0 0.51953125 0.2734375 0.090625 0.0359375
0 0.51640625 0.35078125 0.115625 0.0375
0 0.25546875 0.89375 0.1765625 0.04375
0 0.4234375 0.98203125 0.159375 0.0359375
0 0.44453125 0.90234375 0.115625 0.0390625
0 0.459375 0.828125 0.16875 0.05
0 0.4578125 0.746875 0.146875 0.0359375
0 0.478125 0.678125 0.11875 0.0328125
0 0.571875 0.6265625 0.059375 0.021875
0 0.68359375 0.6515625 0.040625 0.0265625
0 0.675 0.540625 0.096875 0.034375
0 0.6578125 0.728125 0.11875 0.05
0 0.678125 0.7828125 0.053125 0.028125
0 0.659375 0.8328125 0.1078125 0.025
0 0.65546875 0.9 0.109375 0.034375
0 0.66953125 0.98125 0.125 0.0375
0 0.82578125 0.9765625 0.11875 0.046875
0 0.8484375 0.9328125 0.109375 0.0265625
0 0.88046875 0.86015625 0.134375 0.03125
0 0.89140625 0.7796875 0.1125 0.0453125
0 0.8671875 0.69765625 0.1 0.0453125
0 0.8984375 0.62421875 0.14375 0.0328125
0 0.90234375 0.525 0.128125 0.04375
0 0.690625 0.478125 0.115625 0.03125
0 0.90234375 0.4375 0.1546875 0.0328125
0 0.4953125 0.43359375 0.125 0.040625
0 0.7125 0.39609375 0.1375 0.028125
0 0.71796875 0.3296875 0.103125 0.0265625
0 0.7578125 0.271875 0.053125 0.0328125
0 0.93671875 0.28359375 0.1265625 0.040625
0 0.9390625 0.353125 0.1109375 0.0375
0 0.503125 0.490625 0.115625 0.0390625