0 0.59140625 0.9484375 0.103125 0.10234375
0 0.6625 0.97265625 0.07734375 0.05390625
0 0.6546875 0.86171875 0.1390625 0.0578125
0 0.49296875 0.89765625 0.11953125 0.1078125
0 0.44765625 0.965625 0.0890625 0.06796875
0 0.5 0.9640625 0.06875 0.071875
0 0.3765625 0.93984375 0.175 0.1203125
0 0.31875 0.9546875 0.10390625 0.090625
0 0.26328125 0.940625 0.0625 0.07734375
0 0.9046875 0.884375 0.075 0.05625
0 0.85703125 0.7625 0.06328125 0.153125
0 0.83671875 0.75859375 0.115625 0.11328125
0 0.66328125 0.8 0.0953125 0.08828125
0 0.7203125 0.79453125 0.1171875 0.08671875
0 0.665625 0.7453125 0.1890625 0.04765625
0 0.67578125 0.7125 0.2140625 0.078125
0 0.553125 0.77421875 0.13359375 0.08125
0 0.45234375 0.815625 0.0890625 0.08671875
0 0.384375 0.78125 0.084375 0.08671875
0 0.4375 0.840625 0.11953125 0.11328125
0 0.4046875 0.8765625 0.140625 0.08046875
0 0.3390625 0.84296875 0.071875 0.0578125
0 0.325 0.8171875 0.0703125 0.0859375
0 0.32890625 0.77109375 0.10390625 0.10234375
0 0.290625 0.8625 0.07578125 0.1453125
0 0.24140625 0.89375 0.05546875 0.09140625
0 0.190625 0.88125 0.0734375 0.103125
0 0.1546875 0.87421875 0.03359375 0.09765625
0 0.215625 0.83203125 0.11171875 0.05
0 0.2078125 0.7984375 0.11875 0.05078125
0 0.31015625 0.71640625 0.11953125 0.15
0 0.28046875 0.6984375 0.146875 0.14921875
0 0.18203125 0.76015625 0.10703125 0.04765625
0 0.10234375 0.76484375 0.1984375 0.1078125
0 0.6546875 0.528125 0.07109375 0.04453125
0 0.740625 0.63828125 0.14296875 0.09140625
0 0.884375 0.55625 0.23046875 0.08359375
0 0.78671875 0.5296875 0.128125 0.0796875
0 0.909375 0.4765625 0.13046875 0.0765625
0 0.96484375 0.490625 0.0703125 0.059375
0 0.80078125 0.4046875 0.07265625 0.159375
0 0.77265625 0.440625 0.075 0.10703125
0 0.6515625 0.4296875 0.12734375 0.1171875
0 0.6484375 0.396875 0.06171875 0.03828125
0 0.621875 0.43984375 0.09375 0.11171875
0 0.5 0.4828125 0.25703125 0.0578125
0 0.46171875 0.49921875 0.1625 0.07890625
0 0.54765625 0.44375 0.1515625 0.04765625
0 0.53203125 0.434375 0.084375 0.08515625
0 0.63984375 0.31875 0.15859375 0.08671875
0 0.5484375 0.3203125 0.040625 0.12265625
0 0.49453125 0.31796875 0.0875 0.05859375
0 0.44765625 0.37578125 0.20390625 0.090625
0 0.3578125 0.41640625 0.19921875 0.05390625
0 0.37421875 0.365625 0.1234375 0.07890625
0 0.3890625 0.328125 0.08046875 0.05390625
0 0.303125 0.29140625 0.22109375 0.0625
0 0.27265625 0.24921875 0.0765625 0.09609375
0 0.6171875 0.2078125 0.2234375 0.046875
0 0.93984375 0.428125 0.065625 0.08125
0 0.0296875 0.7125 0.059375 0.02578125
0 0.06640625 0.703125 0.1328125 0.071875
0 0.1625 0.6828125 0.2046875 0.09765625
0 0.028125 0.66484375 0.05546875 0.05390625
0 0.0921875 0.6796875 0.1078125 0.0734375
0 0.1359375 0.68984375 0.1078125 0.05703125
0 0.11796875 0.63046875 0.2 0.04375
0 0.07734375 0.6234375 0.1546875 0.078125
0 0.05390625 0.58828125 0.1078125 0.04140625
0 0.03046875 0.6109375 0.0609375 0.03125
0 0.259375 0.58359375 0.11875 0.159375
0 0.3171875 0.503125 0.04609375 0.05859375
0 0.26640625 0.44609375 0.2265625 0.103125
0 0.2078125 0.415625 0.196875 0.13203125
0 0.215625 0.575 0.053125 0.1109375
0 0.1625 0.5125 0.10703125 0.065625
0 0.221875 0.33671875 0.10390625 0.0578125
0 0.12265625 0.3703125 0.1578125 0.0453125
0 0.0484375 0.33984375 0.096875 0.08515625
0 0.10234375 0.33046875 0.07265625 0.0703125
0 0.03828125 0.43203125 0.0765625 0.05390625
0 0.15625 0.30625 0.0625 0.0828125
0 0.08671875 0.25546875 0.11484375 0.15390625
0 0.128125 0.225 0.065625 0.0515625
0 0.2140625 0.22421875 0.125 0.0328125
0 0.13359375 0.18046875 0.2671875 0.07109375
0 0.03515625 0.21875 0.0703125 0.034375
0 0.04140625 0.26484375 0.0828125 0.05078125
0 0.05078125 0.28984375 0.10078125 0.04609375
0 0.31328125 0.18515625 0.11015625 0.06484375
0 0.221875 0.15 0.1453125 0.0515625
0 0.28203125 0.115625 0.071875 0.0453125
0 0.39609375 0.10078125 0.1359375 0.065625
0 0.434375 0.15625 0.07421875 0.04921875
0 0.64375 0.1296875 0.1609375 0.12265625
0 0.69921875 0.11171875 0.1 0.07421875
0 0.8609375 0.17109375 0.14921875 0.059375
0 0.97890625 0.25078125 0.0421875 0.0890625
0 0.95859375 0.14453125 0.0828125 0.1078125
0 0.93359375 0.12734375 0.1328125 0.0796875
0 0.90859375 0.1 0.1734375 0.08515625
0 0.86640625 0.1265625 0.1140625 0.0609375
0 0.85546875 0.0890625 0.1125 0.1046875
0 0.81875 0.07109375 0.0875 0.1359375
0 0.73828125 0.03984375 0.06015625 0.07890625
0 0.5921875 0.06875 0.134375 0.1203125
0 0.54296875 0.02734375 0.06015625 0.05390625
0 0.40703125 0.034375 0.0796875 0.06875
0 0.3359375 0.02578125 0.0875 0.0515625
0 0.13359375 0.1328125 0.13984375 0.075
0 0.20859375 0.13046875 0.05859375 0.0421875
0 0.0828125 0.1125 0.1640625 0.06640625
0 0.2140625 0.09296875 0.16484375 0.06953125
0 0.278125 0.021875 0.0296875 0.04375
0 0.26875 0.04375 0.04296875 0.08671875
0 0.24140625 0.04375 0.03828125 0.08671875
0 0.19140625 0.05859375 0.08984375 0.040625
0 0.16328125 0.04921875 0.1515625 0.07109375
0 0.09609375 0.03984375 0.1234375 0.0796875
0 0.040625 0.02578125 0.08125 0.0515625
0 0.06640625 0.0078125 0.0703125 0.015625
0 0.0265625 0.07734375 0.05234375 0.06953125
0 0.05390625 0.096875 0.1078125 0.04140625
0 0.06328125 0.15078125 0.09296875 0.04453125
0 0.14609375 0.171875 0.05625 0.028125
0 0.9828125 0.7765625 0.034375 0.059375
0 0.05234375 0.5421875 0.1046875 0.09375
0 0.290625 0.5421875 0.0515625 0.05546875
0 0.18203125 0.5484375 0.084375 0.09765625
0 0.18515625 0.61875 0.0515625 0.06328125
0 0.14921875 0.57421875 0.084375 0.08125
0 0.11640625 0.54609375 0.065625 0.103125
0 0.01171875 0.4984375 0.02265625 0.0234375
0 0.04453125 0.471875 0.04921875 0.06484375
0 0.09375 0.47890625 0.0796875 0.06328125
0 0.2484375 0.40546875 0.0640625 0.04375
0 0.0953125 0.42109375 0.14765625 0.0703125
0 0.02734375 0.3828125 0.0546875 0.0890625
0 0.8125 0.80625 0.06015625 0.046875
0 0.98515625 0.98046875 0.0296875 0.0390625