0 0.89296875 0.1859375 0.06875 0.21875
0 0.88984375 0.48359375 0.06875 0.1859375
0 0.88671875 0.7890625 0.075 0.20625
0 0.77109375 0.78828125 0.0625 0.2
0 0.79609375 0.19765625 0.0484375 0.1625
0 0.78046875 0.4875 0.05625 0.165625
0 0.696875 0.20625 0.05625 0.1953125
0 0.65859375 0.4578125 0.065625 0.2171875
0 0.68203125 0.79375 0.05625 0.1984375
0 0.55859375 0.8 0.06875 0.20625
0 0.434375 0.79140625 0.059375 0.203125
0 0.540625 0.43359375 0.0625 0.209375
0 0.5890625 0.1609375 0.05 0.1796875
0 0.30703125 0.7890625 0.115625 0.296875
0 0.18359375 0.8296875 0.0546875 0.25625
0 0.43203125 0.409375 0.046875 0.15
0 0.3515625 0.409375 0.065625 0.16875
0 0.2421875 0.40546875 0.071875 0.1953125
0 0.165625 0.45625 0.0734375 0.175