0 0.47734375 0.81171875 0.115625 0.1578125
0 0.36796875 0.71640625 0.1171875 0.0703125
0 0.58671875 0.64765625 0.059375 0.0734375
0 0.65078125 0.6859375 0.16875 0.2625
0 0.625 0.80546875 0.053125 0.08125
0 0.59765625 0.87265625 0.10625 0.125
0 0.625 0.89765625 0.090625 0.13125
0 0.5671875 0.9484375 0.0640625 0.103125
0 0.6578125 0.9203125 0.0921875 0.159375
0 0.659375 0.96328125 0.121875 0.0734375
0 0.68359375 0.98828125 0.146875 0.0234375
0 0.85 0.946875 0.146875 0.059375
0 0.89453125 0.9421875 0.1 0.115625
0 0.9515625 0.87890625 0.096875 0.13125
0 0.8984375 0.78984375 0.1109375 0.103125
0 0.93359375 0.703125 0.115625 0.18125
0 0.98046875 0.2828125 0.0390625 0.11875
0 0.98046875 0.09296875 0.0390625 0.1078125
0 0.98046875 0.0125 0.0390625 0.025
0 0.91484375 0.2640625 0.034375 0.125
0 0.86171875 0.3875 0.06875 0.2
0 0.9125 0.35703125 0.0625 0.121875
0 0.8109375 0.54453125 0.078125 0.121875
0 0.76171875 0.6515625 0.0703125 0.084375
0 0.84765625 0.6390625 0.1578125 0.1875
0 0.5703125 0.39375 0.16875 0.1609375
0 0.490625 0.315625 0.096875 0.159375
0 0.6515625 0.096875 0.0734375 0.19375
0 0.48125 0.3953125 0.10625 0.1140625
0 0.76875 0.03828125 0.04375 0.0765625
0 0.803125 0.0328125 0.0375 0.065625
0 0.84453125 0.209375 0.06875 0.1640625
0 0.834375 0.3265625 0.0625 0.1390625
0 0.4296875 0.290625 0.090625 0.171875
0 0.5625 0.03515625 0.109375 0.06875
0 0.5171875 0.06640625 0.140625 0.109375
0 0.371875 0.08203125 0.0875 0.1640625
0 0.325 0.13984375 0.096875 0.134375
0 0.284375 0.16640625 0.059375 0.0734375
0 0.34765625 0.31953125 0.1171875 0.2140625
0 0.33671875 0.41328125 0.121875 0.240625
0 0.3453125 0.46171875 0.065625 0.14375
0 0.2703125 0.0296875 0.14375 0.059375
0 0.36953125 0.5578125 0.1265625 0.084375
0 0.321875 0.5703125 0.090625 0.08125
0 0.3234375 0.64765625 0.115625 0.0796875
0 0.2734375 0.80625 0.121875 0.159375
0 0.30625 0.8875 0.084375 0.08125
0 0.25703125 0.95859375 0.0390625 0.0765625
0 0.2546875 0.92578125 0.075 0.109375
0 0.61875 0.95703125 0.06875 0.0859375
0 0.175 0.88828125 0.0875 0.2234375
0 0.025 0.96171875 0.05 0.0734375
0 0.01640625 0.65546875 0.03125 0.2125
0 0.0703125 0.56328125 0.053125 0.1265625
0 0.06484375 0.6546875 0.05625 0.08125
0 0.025 0.64453125 0.05 0.0828125
0 0.0125 0.5421875 0.025 0.1546875
0 0.0734375 0.33828125 0.109375 0.0765625
0 0.146875 0.4359375 0.075 0.146875
0 0.1671875 0.55390625 0.0828125 0.15
0 0.13671875 0.6921875 0.065625 0.209375
0 0.23125 0.28671875 0.075 0.1625
0 0.16484375 0.2109375 0.0484375 0.121875
0 0.1921875 0.12734375 0.146875 0.134375
0 0.06171875 0.05703125 0.1234375 0.1140625
0 0.03515625 0.03828125 0.0625 0.0765625
0 0.0515625 0.1421875 0.103125 0.190625
0 0.2203125 0.63515625 0.078125 0.14375