0 0.0328125 0.08359375 0.065625 0.125
0 0.015625 0.04453125 0.03125 0.05078125
0 0.0765625 0.03671875 0.040625 0.07265625
0 0.12109375 0.07265625 0.04921875 0.04296875
0 0.228125 0.109375 0.1546875 0.0515625
0 0.20390625 0.06171875 0.10546875 0.03515625
0 0.175 0.03828125 0.08359375 0.0578125
0 0.2515625 0.04765625 0.07265625 0.0953125
0 0.3015625 0.17578125 0.05078125 0.090625
0 0.27421875 0.20078125 0.04296875 0.0890625
0 0.2546875 0.22109375 0.08984375 0.18203125
0 0.2 0.2234375 0.08203125 0.11640625
0 0.1171875 0.23828125 0.11640625 0.06953125
0 0.11015625 0.28984375 0.071875 0.06484375
0 0.1515625 0.134375 0.13984375 0.0953125
0 0.0296875 0.34296875 0.059375 0.0984375
0 0.12421875 0.37109375 0.08984375 0.1078125
0 0.078125 0.41640625 0.07265625 0.06484375
0 0.0265625 0.40546875 0.03828125 0.0609375
0 0.01640625 0.43828125 0.0328125 0.065625
0 0.1171875 0.4875 0.196875 0.065625
0 0.0765625 0.52890625 0.153125 0.0765625
0 0.28984375 0.61171875 0.246875 0.2015625
0 0.2875 0.6671875 0.1375 0.121875
0 0.24140625 0.69296875 0.13203125 0.0875
0 0.0828125 0.63203125 0.11875 0.059375
0 0.03359375 0.59453125 0.0671875 0.05703125
0 0.165625 0.64375 0.07421875 0.06171875
0 0.0890625 0.75 0.1625 0.10546875
0 0.35859375 0.80546875 0.13203125 0.0734375
0 0.259375 0.765625 0.11796875 0.07734375
0 0.1828125 0.74921875 0.0640625 0.05
0 0.24921875 0.87578125 0.1203125 0.08359375
0 0.05625 0.7984375 0.11171875 0.10078125
0 0.04765625 0.97265625 0.0671875 0.0546875
0 0.1203125 0.93984375 0.08359375 0.0859375
0 0.1828125 0.95546875 0.1046875 0.08828125
0 0.2640625 0.94140625 0.0765625 0.0578125
0 0.10703125 0.87265625 0.0703125 0.06171875
0 0.33046875 0.9171875 0.06796875 0.090625
0 0.3765625 0.97109375 0.1234375 0.0578125
0 0.39609375 0.90234375 0.1296875 0.15703125
0 0.43984375 0.6140625 0.10078125 0.134375
0 0.446875 0.484375 0.084375 0.14921875
0 0.25078125 0.4828125 0.2015625 0.10703125
0 0.190625 0.39921875 0.06875 0.1609375
0 0.25078125 0.40234375 0.20078125 0.1515625
0 0.3 0.36484375 0.06796875 0.065625
0 0.2515625 0.3453125 0.0859375 0.09453125
0 0.3125 0.28203125 0.09921875 0.13359375
0 0.3953125 0.2625 0.1203125 0.0859375
0 0.40703125 0.346875 0.0984375 0.08515625
0 0.40625 0.2828125 0.19609375 0.23984375
0 0.346875 0.06328125 0.078125 0.1265625
0 0.45078125 0.05390625 0.13046875 0.1078125
0 0.39453125 0.1 0.0890625 0.1265625
0 0.42265625 0.1828125 0.0984375 0.1578125
0 0.509375 0.04765625 0.1390625 0.0953125
0 0.596875 0.15390625 0.0875 0.215625
0 0.72890625 0.1015625 0.09140625 0.1234375
0 0.71796875 0.18046875 0.1234375 0.07265625
0 0.80078125 0.2203125 0.14140625 0.1015625
0 0.6828125 0.2734375 0.1125 0.04453125
0 0.5140625 0.32109375 0.08359375 0.1515625
0 0.609375 0.346875 0.1234375 0.0984375
0 0.69921875 0.4359375 0.0875 0.128125
0 0.61796875 0.44140625 0.065625 0.08046875
0 0.653125 0.4984375 0.1578125 0.07265625
0 0.6265625 0.53046875 0.1625 0.10234375
0 0.46953125 0.6765625 0.08203125 0.15859375
0 0.54609375 0.59921875 0.05625 0.17421875
0 0.56953125 0.696875 0.22421875 0.15390625
0 0.61953125 0.76484375 0.1125 0.13671875
0 0.6046875 0.80859375 0.17578125 0.08046875
0 0.52578125 0.85390625 0.0796875 0.0671875
0 0.6859375 0.9625 0.2046875 0.06796875
0 0.54296875 0.9703125 0.04765625 0.059375
0 0.48671875 0.9734375 0.0875 0.053125
0 0.71171875 0.98828125 0.096875 0.0234375
0 0.64609375 0.9015625 0.23828125 0.053125
0 0.70078125 0.85 0.15625 0.0515625
0 0.853125 0.87890625 0.07109375 0.08671875
0 0.96484375 0.91015625 0.0703125 0.12109375
0 0.96953125 0.865625 0.0609375 0.10234375
0 0.81953125 0.803125 0.10703125 0.0671875
0 0.8828125 0.75078125 0.13359375 0.10546875
0 0.94921875 0.74609375 0.1015625 0.0671875
0 0.946875 0.69453125 0.0953125 0.07578125
0 0.70703125 0.73046875 0.16875 0.0453125
0 0.7484375 0.7046875 0.0859375 0.0265625
0 0.65625 0.6359375 0.15625 0.15078125
0 0.6765625 0.6171875 0.128125 0.1140625
0 0.77421875 0.66484375 0.08203125 0.0578125
0 0.72265625 0.6203125 0.09765625 0.071875
0 0.78828125 0.60625 0.059375 0.07265625
0 0.82734375 0.59765625 0.07578125 0.0875
0 0.7203125 0.51953125 0.2390625 0.10625
0 0.9328125 0.52421875 0.128125 0.08203125
0 0.86875 0.4234375 0.11796875 0.140625
0 0.84453125 0.359375 0.0859375 0.08046875
0 0.7703125 0.3828125 0.11328125 0.15390625
0 0.79765625 0.265625 0.190625 0.1109375
0 0.9453125 0.15546875 0.109375 0.0890625
0 0.88671875 0.03828125 0.1125 0.07578125
0 0.88515625 0.06953125 0.12421875 0.07890625
0 0.9703125 0.09453125 0.059375 0.0515625
0 0.9734375 0.06015625 0.053125 0.04140625
0 0.93984375 0.0234375 0.1203125 0.046875
0 0.853125 0.090625 0.196875 0.096875
0 0.14609375 0.4296875 0.0890625 0.0796875