0 0.0609375 0.978125 0.121875 0.04375
0 0.57109375 0.95703125 0.1125 0.0859375
0 0.64375 0.91484375 0.0640625 0.1140625
0 0.76640625 0.88046875 0.1953125 0.0640625
0 0.7875 0.91953125 0.1125 0.084375
0 0.71640625 0.9734375 0.153125 0.053125
0 0.90234375 0.57734375 0.09375 0.109375
0 0.81953125 0.6390625 0.1 0.078125
0 0.7203125 0.66953125 0.121875 0.1078125
0 0.72734375 0.74765625 0.121875 0.103125
0 0.6640625 0.82265625 0.115625 0.090625
0 0.6296875 0.82734375 0.084375 0.0875
0 0.5703125 0.846875 0.1203125 0.1421875
0 0.490625 0.93515625 0.153125 0.1296875
0 0.4 0.86953125 0.115625 0.11875
0 0.32265625 0.86875 0.140625 0.059375
0 0.196875 0.9359375 0.075 0.128125
0 0.1984375 0.87109375 0.0984375 0.1375
0 0.196875 0.83203125 0.184375 0.090625
0 0.125 0.790625 0.178125 0.04375
0 0.08828125 0.87734375 0.0828125 0.15625
0 0.08359375 0.9609375 0.1640625 0.078125
0 0.146875 0.75703125 0.29375 0.0765625
0 0.03359375 0.7234375 0.0671875 0.103125
0 0.078125 0.6796875 0.096875 0.115625
0 0.0390625 0.61796875 0.078125 0.134375
0 0.04296875 0.55546875 0.0859375 0.1015625
0 0.1609375 0.7078125 0.0875 0.059375
0 0.328125 0.75546875 0.103125 0.065625
0 0.4625 0.78671875 0.115625 0.0828125
0 0.603125 0.76484375 0.1578125 0.075
0 0.590625 0.703125 0.146875 0.1125
0 0.565625 0.67109375 0.0796875 0.05625
0 0.47265625 0.73828125 0.140625 0.065625
0 0.4296875 0.71328125 0.2015625 0.090625
0 0.4671875 0.67109375 0.21875 0.1
0 0.39765625 0.66328125 0.18125 0.04375
0 0.44609375 0.634375 0.159375 0.0375
0 0.47421875 0.5765625 0.1390625 0.06875
0 0.62578125 0.6125 0.125 0.05625
0 0.64296875 0.58125 0.153125 0.121875
0 0.9703125 0.84921875 0.059375 0.10625
0 0.2515625 0.6703125 0.15 0.0875
0 0.13984375 0.65625 0.103125 0.090625
0 0.0828125 0.5890625 0.0828125 0.125
0 0.125 0.4734375 0.103125 0.09375
0 0.18671875 0.365625 0.1515625 0.1703125
0 0.259375 0.3390625 0.121875 0.0703125
0 0.1375 0.28828125 0.109375 0.1734375
0 0.24375 0.634375 0.1640625 0.06875
0 0.18046875 0.55078125 0.159375 0.153125
0 0.23671875 0.559375 0.0953125 0.115625
0 0.23984375 0.49453125 0.1015625 0.05625
0 0.28046875 0.465625 0.1671875 0.071875
0 0.3265625 0.4234375 0.3171875 0.05625
0 0.303125 0.40234375 0.153125 0.0375
0 0.40390625 0.38671875 0.0796875 0.0609375
0 0.41953125 0.35 0.190625 0.034375
0 0.35390625 0.27734375 0.190625 0.0390625
0 0.3546875 0.159375 0.253125 0.06875
0 0.36796875 0.140625 0.15625 0.05
0 0.58046875 0.07890625 0.1484375 0.090625
0 0.71640625 0.078125 0.15 0.14375
0 0.8671875 0.0921875 0.125 0.11875
0 0.81484375 0.25 0.2 0.134375
0 0.58203125 0.18515625 0.128125 0.10625
0 0.5203125 0.2703125 0.175 0.15
0 0.53046875 0.30703125 0.128125 0.05
0 0.6375 0.29765625 0.1359375 0.1140625
0 0.53828125 0.31328125 0.203125 0.065625
0 0.684375 0.3296875 0.24375 0.0625
0 0.7296875 0.37421875 0.1234375 0.0734375
0 0.5859375 0.38984375 0.1859375 0.05625
0 0.5125 0.3734375 0.15625 0.05625
0 0.540625 0.42109375 0.11875 0.0484375
0 0.37109375 0.528125 0.1984375 0.1
0 0.384375 0.48828125 0.1578125 0.096875
0 0.5140625 0.496875 0.08125 0.14375
0 0.56796875 0.4921875 0.075 0.153125
0 0.60390625 0.4703125 0.0984375 0.1125
0 0.6671875 0.4671875 0.06875 0.096875
0 0.73203125 0.4984375 0.065625 0.1765625
0 0.81015625 0.45 0.115625 0.128125
0 0.95859375 0.38828125 0.0828125 0.23125