0 0.91953125 0.0234375 0.15 0.046875
0 0.9375 0.075 0.1171875 0.059375
0 0.98203125 0.159375 0.034375 0.128125
0 0.62578125 0.953125 0.1328125 0.09375
0 0.62109375 0.7640625 0.1546875 0.04375
0 0.5890625 0.78671875 0.165625 0.040625
0 0.4453125 0.08125 0.06875 0.078125
0 0.4484375 0.19375 0.078125 0.071875
0 0.4484375 0.28671875 0.071875 0.0546875
0 0.4609375 0.39296875 0.0453125 0.0625
0 0.43359375 0.49296875 0.0703125 0.0609375
0 0.4359375 0.59453125 0.0421875 0.0875
0 0.11953125 0.17578125 0.121875 0.071875
0 0.12421875 0.278125 0.165625 0.0875
0 0.1265625 0.40859375 0.18125 0.096875
0 0.12734375 0.52734375 0.1359375 0.078125
0 0.153125 0.66640625 0.15625 0.090625
0 0.20546875 0.79453125 0.1765625 0.109375
0 0.2125 0.9125 0.140625 0.075