0 0.87734375 0.721875 0.165625 0.221875
0 0.86640625 0.50859375 0.1390625 0.246875
0 0.9265625 0.1421875 0.146875 0.140625
0 0.92578125 0.28203125 0.1484375 0.1390625
0 0.8859375 0.18671875 0.228125 0.3734375
0 0.90625 0.07109375 0.1625 0.1421875
0 0.61953125 0.07109375 0.14375 0.1421875
0 0.41953125 0.034375 0.203125 0.06875
0 0.28359375 0.07890625 0.2328125 0.15625
0 0.478125 0.1609375 0.184375 0.071875
0 0.7546875 0.23984375 0.1375 0.2484375
0 0.5984375 0.28203125 0.203125 0.1625
0 0.45078125 0.42890625 0.14375 0.2109375
0 0.58515625 0.4375 0.1078125 0.13125
0 0.5265625 0.53125 0.259375 0.1203125
0 0.56953125 0.58515625 0.26875 0.16875
0 0.82890625 0.82421875 0.134375 0.259375
0 0.70234375 0.69765625 0.0921875 0.2875
0 0.66484375 0.85859375 0.36875 0.253125
0 0.58359375 0.928125 0.1859375 0.14375
0 0.25390625 0.98828125 0.1765625 0.0234375
0 0.14921875 0.9296875 0.21875 0.140625
0 0.06171875 0.9390625 0.1234375 0.1109375
0 0.06171875 0.85390625 0.121875 0.125
0 0.4375 0.9140625 0.278125 0.075
0 0.36953125 0.87109375 0.140625 0.04375
0 0.52109375 0.75859375 0.25625 0.2484375
0 0.48828125 0.7265625 0.2109375 0.1875
0 0.328125 0.80546875 0.134375 0.0953125
0 0.41171875 0.73203125 0.1609375 0.11875
0 0.3046875 0.70859375 0.096875 0.1203125
0 0.240625 0.6953125 0.125 0.14375
0 0.415625 0.565625 0.39375 0.175
0 0.0859375 0.57421875 0.171875 0.134375
0 0.171875 0.4078125 0.19375 0.23125
0 0.21171875 0.303125 0.140625 0.1328125
0 0.334375 0.3421875 0.1875 0.253125
0 0.2890625 0.1484375 0.3125 0.18125
0 0.0671875 0.02109375 0.134375 0.0421875