0 0.9265625 0.0453125 0.10625 0.090625
0 0.91640625 0.51328125 0.1671875 0.0921875
0 0.70859375 0.5390625 0.171875 0.1
0 0.52109375 0.540625 0.175 0.1
0 0.29609375 0.5421875 0.1421875 0.0953125
0 0.7484375 0.6421875 0.1625 0.0671875
0 0.49453125 0.6984375 0.1328125 0.11875
0 0.5953125 0.76875 0.109375 0.096875
0 0.43203125 0.8484375 0.2015625 0.115625
0 0.35625 0.81171875 0.15 0.128125
0 0.3046875 0.73203125 0.09375 0.10625
0 0.35078125 0.95 0.153125 0.1
0 0.15625 0.8703125 0.1328125 0.11875
0 0.02109375 0.8984375 0.0421875 0.090625
0 0.0671875 0.78671875 0.134375 0.06875
0 0.18125 0.69765625 0.15625 0.109375
0 0.12421875 0.628125 0.11875 0.1515625
0 0.05234375 0.60625 0.1046875 0.184375
0 0.03046875 0.721875 0.0609375 0.075