0 0.0796875 0.8421875 0.159375 0.1640625
0 0.31171875 0.95625 0.4703125 0.0875
0 0.10546875 0.9828125 0.2109375 0.034375
0 0.2078125 0.93515625 0.190625 0.121875
0 0.3078125 0.8109375 0.165625 0.096875
0 0.4828125 0.88828125 0.15625 0.1546875
0 0.36328125 0.93203125 0.115625 0.0984375
0 0.91640625 0.9625 0.1671875 0.075
0 0.884375 0.8734375 0.146875 0.134375
0 0.97265625 0.80390625 0.053125 0.103125
0 0.8546875 0.74140625 0.290625 0.2078125
0 0.94921875 0.56640625 0.1015625 0.115625
0 0.76875 0.5921875 0.265625 0.0953125
0 0.60546875 0.721875 0.23125 0.0765625
0 0.61484375 0.77890625 0.296875 0.06875
0 0.5953125 0.8609375 0.1453125 0.090625
0 0.3734375 0.59140625 0.2703125 0.109375
0 0.10078125 0.71171875 0.178125 0.0921875
0 0.18984375 0.4765625 0.196875 0.103125
0 0.0703125 0.43828125 0.140625 0.1703125
0 0.19375 0.5546875 0.065625 0.0734375
0 0.09375 0.63203125 0.1703125 0.115625
0 0.50546875 0.6515625 0.1390625 0.13125
0 0.60859375 0.6375 0.175 0.134375
0 0.48671875 0.51875 0.184375 0.0875
0 0.39765625 0.5421875 0.0625 0.103125
0 0.46484375 0.42734375 0.1671875 0.10625
0 0.57578125 0.32421875 0.19375 0.0765625
0 0.61953125 0.41015625 0.159375 0.1234375
0 0.66328125 0.503125 0.165625 0.06875
0 0.9421875 0.4953125 0.115625 0.0875
0 0.85859375 0.50546875 0.090625 0.1234375
0 0.753125 0.52265625 0.171875 0.0609375
0 0.81328125 0.440625 0.18125 0.1375
0 0.878125 0.30859375 0.24375 0.06875
0 0.928125 0.25625 0.14375 0.090625
0 0.90234375 0.1609375 0.1953125 0.1140625
0 0.88359375 0.0984375 0.2328125 0.121875
0 0.70546875 0.11953125 0.1796875 0.071875
0 0.65859375 0.190625 0.190625 0.103125
0 0.75234375 0.26171875 0.178125 0.1125
0 0.5578125 0.0328125 0.1953125 0.065625
0 0.71640625 0.05 0.10625 0.1
0 0.3328125 0.3359375 0.19375 0.209375
0 0.2078125 0.375 0.140625 0.14375
0 0.246875 0.125 0.178125 0.1
0 0.18046875 0.0859375 0.271875 0.171875
0 0.35546875 0.05546875 0.1421875 0.1109375
0 0.38984375 0.10859375 0.1296875 0.14375
0 0.46875 0.02265625 0.1046875 0.0453125
0 0.39296875 0.190625 0.184375 0.1625
0 0.76953125 0.978125 0.1484375 0.04375
0 0.72578125 0.96171875 0.134375 0.075
0 0.0890625 0.31875 0.178125 0.296875
0 0.0375 0.29140625 0.075 0.24375
0 0.1 0.86640625 0.0859375 0.059375
0 0.334375 0.546875 0.103125 0.11875
0 0.34375 0.4703125 0.08125 0.0453125
0 0.47265625 0.2546875 0.0796875 0.05
0 0.9546875 0.11328125 0.090625 0.06875
0 0.83203125 0.35390625 0.15 0.0671875
0 0.94765625 0.03046875 0.0953125 0.0609375
0 0.203125 0.20390625 0.1140625 0.1234375
0 0.275 0.2390625 0.059375 0.0640625
0 0.65546875 0.30703125 0.11875 0.121875
0 0.96875 0.415625 0.0625 0.065625