0 0.05234375 0.04375 0.08671875 0.0875
0 0.15 0.021875 0.07734375 0.04375
0 0.046875 0.1640625 0.09375 0.08984375
0 0.7859375 0.13515625 0.21015625 0.06953125
0 0.63125 0.1078125 0.06953125 0.08671875
0 0.2140625 0.04453125 0.10546875 0.07265625
0 0.2015625 0.0921875 0.1875 0.12890625
0 0.57109375 0.115625 0.0796875 0.0703125
0 0.62109375 0.22890625 0.12578125 0.0859375
0 0.6390625 0.16875 0.09921875 0.065625
0 0.278125 0.21171875 0.1140625 0.121875
0 0.190625 0.18125 0.10859375 0.1390625
0 0.1140625 0.221875 0.08203125 0.12109375
0 0.33515625 0.30078125 0.1125 0.0734375
0 0.1171875 0.29765625 0.21640625 0.09140625
0 0.0609375 0.3109375 0.121875 0.0796875
0 0.23984375 0.36953125 0.07734375 0.0796875
0 0.2 0.37421875 0.0625 0.05625
0 0.10078125 0.390625 0.121875 0.09296875
0 0.09453125 0.41171875 0.1890625 0.13515625
0 0.04921875 0.4375 0.0984375 0.08046875
0 0.05234375 0.52109375 0.1046875 0.1140625
0 0.05703125 0.571875 0.1140625 0.075
0 0.0328125 0.80390625 0.06484375 0.21171875
0 0.08515625 0.86640625 0.1125 0.0609375
0 0.08359375 0.79375 0.10078125 0.0921875
0 0.13046875 0.721875 0.1859375 0.07265625
0 0.16171875 0.7828125 0.165625 0.0921875
0 0.28203125 0.9296875 0.178125 0.13984375
0 0.21953125 0.9546875 0.12265625 0.090625
0 0.27578125 0.63671875 0.08359375 0.08828125
0 0.10546875 0.6609375 0.2109375 0.04609375
0 0.234375 0.5625 0.1140625 0.07265625
0 0.12109375 0.61328125 0.140625 0.03671875
0 0.10625 0.49765625 0.2125 0.0671875
0 0.29609375 0.50703125 0.12265625 0.09921875
0 0.36171875 0.50703125 0.11640625 0.05859375
0 0.42734375 0.6671875 0.146875 0.178125
0 0.3875 0.675 0.08203125 0.134375
0 0.59921875 0.01875 0.09375 0.03671875
0 0.490625 0.0546875 0.09296875 0.07109375
0 0.33828125 0.02890625 0.05078125 0.0328125
0 0.38828125 0.08125 0.05546875 0.04609375
0 0.5484375 0.3828125 0.15859375 0.0609375
0 0.553125 0.47734375 0.18515625 0.15546875
0 0.80546875 0.48828125 0.23359375 0.1390625
0 0.8359375 0.50859375 0.14140625 0.05703125
0 0.35703125 0.45546875 0.09453125 0.07578125
0 0.5 0.53203125 0.121875 0.125
0 0.86796875 0.69921875 0.221875 0.1734375
0 0.7328125 0.76328125 0.15078125 0.21953125
0 0.67265625 0.7515625 0.14296875 0.196875
0 0.61796875 0.784375 0.1203125 0.17890625
0 0.5453125 0.78671875 0.06640625 0.11015625
0 0.521875 0.83671875 0.0984375 0.09765625
0 0.584375 0.81796875 0.0390625 0.059375
0 0.4421875 0.82734375 0.15078125 0.14296875
0 0.4015625 0.91328125 0.16875 0.05859375
0 0.44609375 0.9328125 0.1453125 0.06328125
0 0.52265625 0.9375 0.17734375 0.06484375
0 0.63125 0.9359375 0.18359375 0.07265625
0 0.41796875 0.9828125 0.09453125 0.034375
0 0.58984375 0.98046875 0.1546875 0.0390625
0 0.76796875 0.9171875 0.10859375 0.165625
0 0.803125 0.8765625 0.10859375 0.21328125
0 0.190625 0.43203125 0.075 0.06953125
0 0.13828125 0.38515625 0.08828125 0.07109375
0 0.584375 0.640625 0.10390625 0.08515625
0 0.490625 0.978125 0.06640625 0.04375