0 0.13203125 0.10546875 0.078125 0.203125
0 0.23359375 0.10859375 0.05625 0.1828125
0 0.3359375 0.1 0.0640625 0.190625
0 0.4515625 0.07265625 0.0625 0.1453125
0 0.61796875 0.30390625 0.053125 0.171875
0 0.703125 0.29375 0.0625 0.1796875
0 0.81640625 0.2859375 0.078125 0.215625
0 0.89921875 0.32734375 0.08125 0.175
0 0.89609375 0.7203125 0.059375 0.2453125
0 0.76015625 0.69609375 0.1140625 0.303125
0 0.63515625 0.70859375 0.06875 0.209375
0 0.50234375 0.71796875 0.075 0.221875
0 0.3703125 0.71640625 0.078125 0.2203125
0 0.275 0.72890625 0.0625 0.2078125
0 0.1515625 0.7375 0.078125 0.2265625
0 0.14296875 0.4078125 0.0765625 0.20625
0 0.2546875 0.39609375 0.075 0.190625
0 0.38828125 0.365625 0.0828125 0.215625
0 0.50625 0.334375 0.075 0.209375