0 0.03203125 0.08046875 0.0640625 0.1609375
0 0.2 0.08828125 0.221875 0.175
0 0.46640625 0.0640625 0.140625 0.128125
0 0.14140625 0.58125 0.15625 0.196875
0 0.25625 0.40546875 0.1640625 0.24375
0 0.3546875 0.71796875 0.228125 0.21875
0 0.4578125 0.9140625 0.203125 0.171875
0 0.69140625 0.73515625 0.178125 0.234375
0 0.91953125 0.76953125 0.159375 0.1796875
0 0.94453125 0.1796875 0.078125 0.3078125
0 0.43671875 0.64296875 0.19375 0.25
0 0.49453125 0.453125 0.13125 0.2078125
0 0.63984375 0.36796875 0.1984375 0.2109375
0 0.71015625 0.1953125 0.1625 0.3109375
0 0.83359375 0.5359375 0.234375 0.153125
0 0.896875 0.3890625 0.15 0.134375
0 0.82109375 0.16875 0.178125 0.3375