0 0.94609375 0.059375 0.10625 0.053125
0 0.759375 0.06484375 0.078125 0.1296875
0 0.67265625 0.08125 0.16328125 0.08671875
0 0.6453125 0.12421875 0.215625 0.025
0 0.540625 0.07890625 0.2015625 0.059375
0 0.44609375 0.03828125 0.1078125 0.0765625
0 0.359375 0.015625 0.040625 0.03125
0 0.26171875 0.01875 0.0734375 0.0375
0 0.18671875 0.01015625 0.1140625 0.0203125
0 0.21953125 0.04296875 0.14921875 0.03515625
0 0.1921875 0.07109375 0.14140625 0.08359375
0 0.21484375 0.15390625 0.0765625 0.10625
0 0.1765625 0.18046875 0.1265625 0.1015625
0 0.30859375 0.190625 0.10078125 0.1984375
0 0.3640625 0.16953125 0.0421875 0.121875
0 0.4046875 0.2078125 0.08203125 0.1078125
0 0.53671875 0.2125 0.24296875 0.18125
0 0.6859375 0.21875 0.13828125 0.12265625
0 0.809375 0.15625 0.1546875 0.0953125
0 0.8359375 0.2421875 0.1359375 0.07421875
0 0.9625 0.271875 0.075 0.11875
0 0.653125 0.3875 0.0703125 0.13515625
0 0.9375 0.38125 0.125 0.04453125
0 0.56328125 0.27265625 0.1234375 0.0453125
0 0.48671875 0.23984375 0.12578125 0.0578125
0 0.19921875 0.3 0.13203125 0.096875
0 0.40859375 0.3296875 0.078125 0.03984375
0 0.28359375 0.365625 0.0375 0.153125
0 0.2375 0.38359375 0.075 0.084375
0 0.415625 0.4328125 0.20859375 0.053125
0 0.40703125 0.35390625 0.21953125 0.11328125
0 0.84140625 0.4953125 0.05625 0.1421875
0 0.94140625 0.453125 0.1171875 0.0671875
0 0.95390625 0.51328125 0.0921875 0.0859375
0 0.96953125 0.496875 0.0609375 0.04609375
0 0.9546875 0.68046875 0.090625 0.08359375
0 0.9390625 0.71953125 0.12109375 0.08828125
0 0.8765625 0.759375 0.08671875 0.07734375
0 0.959375 0.8015625 0.08046875 0.0484375
0 0.97578125 0.8875 0.0484375 0.03671875
0 0.97421875 0.92265625 0.0515625 0.04375
0 0.94609375 0.91875 0.1078125 0.1625
0 0.85546875 0.884375 0.084375 0.13671875
0 0.84296875 0.9703125 0.1 0.059375
0 0.73671875 0.94375 0.10234375 0.08125
0 0.73203125 0.865625 0.1453125 0.05234375
0 0.73984375 0.78125 0.1171875 0.1453125
0 0.86796875 0.63671875 0.16171875 0.13671875
0 0.7171875 0.596875 0.11796875 0.11796875
0 0.69453125 0.540625 0.07109375 0.11640625
0 0.57265625 0.52421875 0.08828125 0.0671875
0 0.23671875 0.4640625 0.19296875 0.03671875
0 0.23203125 0.509375 0.26171875 0.07421875
0 0.4703125 0.5890625 0.1609375 0.109375
0 0.51796875 0.5796875 0.221875 0.1734375
0 0.17734375 0.65625 0.090625 0.08984375
0 0.30546875 0.6703125 0.17578125 0.046875
0 0.55546875 0.771875 0.1546875 0.0859375
0 0.66328125 0.80859375 0.06171875 0.10859375
0 0.63203125 0.74921875 0.10703125 0.053125
0 0.54453125 0.8375 0.07578125 0.06484375
0 0.45546875 0.89921875 0.13515625 0.140625
0 0.34140625 0.928125 0.134375 0.14375
0 0.19296875 0.896875 0.15234375 0.12265625
0 0.0921875 0.9109375 0.1296875 0.10546875
0 0.07109375 0.7 0.11875 0.08515625
0 0.04609375 0.65234375 0.09140625 0.090625
0 0.34375 0.7578125 0.13828125 0.07109375
0 0.06640625 0.77578125 0.08203125 0.1234375
0 0.028125 0.79296875 0.05546875 0.15234375
0 0.0578125 0.353125 0.09296875 0.084375
0 0.07109375 0.2953125 0.084375 0.1109375
0 0.45703125 0.290625 0.08203125 0.0546875
0 0.35859375 0.2671875 0.07578125 0.06875
0 0.88125 0.321875 0.0796875 0.0625
0 0.96875 0.03046875 0.0625 0.0609375
0 0.9796875 0.1765625 0.03984375 0.08984375
0 0.18125 0.3375 0.0859375 0.05390625
0 0.17109375 0.36171875 0.0796875 0.0390625
0 0.971875 0.63125 0.05625 0.05390625
0 0.253125 0.61953125 0.1640625 0.1015625
0 0.1546875 0.5640625 0.08515625 0.046875
0 0.3171875 0.6015625 0.078125 0.053125