0 0.0296875 0.115625 0.059375 0.23125
0 0.134375 0.1265625 0.059375 0.20625
0 0.0375 0.45390625 0.075 0.221875
0 0.05234375 0.803125 0.078125 0.2375
0 0.15625 0.45 0.0703125 0.1921875
0 0.18203125 0.7953125 0.065625 0.221875
0 0.28359375 0.79765625 0.06875 0.221875
0 0.3 0.42734375 0.08125 0.2640625
0 0.240625 0.1140625 0.065625 0.228125
0 0.37265625 0.09140625 0.0640625 0.1828125
0 0.4328125 0.38984375 0.075 0.25
0 0.42109375 0.8015625 0.075 0.2421875
0 0.56484375 0.80078125 0.0734375 0.2328125
0 0.5578125 0.365625 0.059375 0.20625
0 0.65 0.36328125 0.071875 0.203125
0 0.70234375 0.7859375 0.125 0.325
0 0.84296875 0.81015625 0.0734375 0.240625
0 0.778125 0.34375 0.090625 0.228125
0 0.86796875 0.3953125 0.09375 0.184375