0 0.20703125 0.32578125 0.12734375 0.1015625
0 0.03046875 0.096875 0.053125 0.14296875
0 0.0140625 0.1484375 0.028125 0.0984375
0 0.15625 0.13828125 0.06484375 0.0734375
0 0.18984375 0.03125 0.06015625 0.0625
0 0.309375 0.0453125 0.053125 0.08984375
0 0.2125 0.20703125 0.05625 0.11875
0 0.31796875 0.1921875 0.0546875 0.10703125
0 0.3421875 0.21171875 0.04609375 0.071875
0 0.290625 0.41484375 0.0734375 0.17109375
0 0.22265625 0.41875 0.13828125 0.11640625
0 0.2265625 0.35625 0.0546875 0.05390625
0 0.17109375 0.4109375 0.0453125 0.0703125
0 0.38515625 0.3703125 0.04453125 0.15234375
0 0.34765625 0.37265625 0.040625 0.10859375
0 0.3265625 0.290625 0.03515625 0.05703125
0 0.33984375 0.45703125 0.05703125 0.06796875
0 0.13046875 0.55859375 0.10234375 0.046875
0 0.14765625 0.51640625 0.15625 0.0515625
0 0.0265625 0.65234375 0.053125 0.18203125
0 0.02578125 0.53125 0.05078125 0.05390625
0 0.09140625 0.71328125 0.1125 0.10546875
0 0.13515625 0.6375 0.084375 0.06328125
0 0.03359375 0.825 0.04921875 0.08125
0 0.01328125 0.78125 0.02578125 0.07578125
0 0.3484375 0.03828125 0.025 0.0765625
0 0.3734375 0.05234375 0.0375 0.1046875
0 0.4078125 0.0140625 0.03125 0.028125
0 0.43828125 0.02890625 0.03828125 0.0578125
0 0.46015625 0.01796875 0.03125 0.03515625
0 0.528125 0.04453125 0.08984375 0.0890625
0 0.58671875 0.0546875 0.0953125 0.109375
0 0.67421875 0.0234375 0.0515625 0.046875
0 0.7078125 0.0421875 0.071875 0.084375
0 0.82109375 0.0453125 0.059375 0.090625
0 0.7609375 0.1 0.04375 0.115625
0 0.74921875 0.18203125 0.078125 0.06171875
0 0.7 0.14296875 0.11328125 0.10390625
0 0.615625 0.13046875 0.059375 0.05234375
0 0.55859375 0.1296875 0.08515625 0.11875
0 0.51875 0.1609375 0.05546875 0.153125
0 0.46484375 0.1421875 0.1125 0.07734375
0 0.4328125 0.23671875 0.05 0.24296875
0 0.40703125 0.27578125 0.02421875 0.1171875
0 0.3890625 0.165625 0.06796875 0.0640625
0 0.4671875 0.35234375 0.09296875 0.1546875
0 0.29453125 0.54609375 0.1078125 0.06171875
0 0.21171875 0.5796875 0.053125 0.0921875
0 0.18359375 0.72578125 0.13671875 0.225
0 0.08671875 0.9640625 0.1046875 0.071875
0 0.10390625 0.91328125 0.07421875 0.1109375
0 0.16328125 0.8984375 0.04296875 0.2015625
0 0.20234375 0.91640625 0.05703125 0.1671875
0 0.26171875 0.9171875 0.10078125 0.12734375
0 0.2578125 0.96328125 0.071875 0.07265625
0 0.2953125 0.91171875 0.05390625 0.05234375
0 0.29453125 0.7984375 0.06875 0.19921875
0 0.31796875 0.609375 0.08984375 0.1640625
0 0.45078125 0.50234375 0.115625 0.1328125
0 0.35390625 0.6421875 0.053125 0.16953125
0 0.35703125 0.734375 0.09609375 0.0625
0 0.34453125 0.8046875 0.0515625 0.1609375
0 0.35703125 0.87421875 0.0484375 0.134375
0 0.38671875 0.86796875 0.05234375 0.121875
0 0.4109375 0.8640625 0.096875 0.18125
0 0.34375 0.96484375 0.04375 0.0703125
0 0.43671875 0.8953125 0.09375 0.1265625
0 0.48203125 0.925 0.06171875 0.12109375
0 0.6015625 0.86171875 0.0828125 0.159375
0 0.659375 0.83203125 0.053125 0.10859375
0 0.5484375 0.8015625 0.08359375 0.10703125
0 0.57734375 0.73359375 0.08203125 0.05703125
0 0.503125 0.68828125 0.05234375 0.25078125
0 0.40859375 0.76640625 0.1015625 0.153125
0 0.47421875 0.75703125 0.04765625 0.065625
0 0.3953125 0.65546875 0.02109375 0.125
0 0.553125 0.46953125 0.0453125 0.10234375
0 0.54921875 0.62421875 0.071875 0.1890625
0 0.5234375 0.8859375 0.0671875 0.06171875
0 0.7453125 0.97109375 0.065625 0.0578125
0 0.7421875 0.80625 0.12734375 0.075
0 0.74140625 0.91171875 0.06875 0.12734375
0 0.82265625 0.9671875 0.0796875 0.065625
0 0.8125 0.71640625 0.12421875 0.4234375
0 0.62890625 0.68984375 0.09921875 0.1546875
0 0.6765625 0.68125 0.090625 0.23828125
0 0.78515625 0.72265625 0.05390625 0.1
0 0.85078125 0.79375 0.04375 0.26796875
0 0.528125 0.38671875 0.11796875 0.08828125
0 0.54609375 0.3203125 0.10859375 0.11953125
0 0.50078125 0.2359375 0.1890625 0.040625
0 0.68359375 0.2734375 0.071875 0.10078125
0 0.61015625 0.48515625 0.06875 0.29296875
0 0.64375 0.434375 0.03828125 0.18359375
0 0.678125 0.42734375 0.053125 0.12421875
0 0.68515625 0.5171875 0.0546875 0.0671875
0 0.725 0.5765625 0.0625 0.08046875
0 0.7828125 0.46484375 0.046875 0.18125
0 0.840625 0.45234375 0.03984375 0.165625
0 0.75546875 0.2625 0.09609375 0.121875
0 0.859375 0.20546875 0.14765625 0.10703125
0 0.81953125 0.16171875 0.09375 0.13203125
0 0.95078125 0.2234375 0.0984375 0.1921875
0 0.87578125 0.54921875 0.06015625 0.184375
0 0.93046875 0.671875 0.0828125 0.1234375
0 0.971875 0.61328125 0.05625 0.0890625
0 0.9421875 0.48984375 0.1046875 0.165625
0 0.96953125 0.35625 0.0609375 0.0875
0 0.93046875 0.8046875 0.1390625 0.171875
0 0.9125 0.87421875 0.0828125 0.09921875
0 0.89921875 0.925 0.1328125 0.15
0 0.97265625 0.03359375 0.0515625 0.0671875
0 0.43046875 0.6265625 0.05703125 0.09296875
0 0.4609375 0.69453125 0.0578125 0.06171875
0 0.73671875 0.6453125 0.05703125 0.0609375
0 0.73203125 0.40625 0.0546875 0.06875
0 0.6609375 0.34765625 0.034375 0.05703125
0 0.92578125 0.0953125 0.0578125 0.0703125
0 0.86796875 0.028125 0.0328125 0.05625
0 0.8765625 0.28046875 0.08125 0.09921875
0 0.98125 0.71328125 0.03671875 0.071875
0 0.8046875 0.9046875 0.0578125 0.09140625
0 0.3796875 0.23203125 0.0578125 0.0953125
0 0.40859375 0.971875 0.0765625 0.05625