0 0.08828125 0.05546875 0.1359375 0.1109375
0 0.1296875 0.04609375 0.08359375 0.08671875
0 0.22734375 0.02734375 0.06796875 0.0546875
0 0.01640625 0.078125 0.03203125 0.0703125
0 0.025 0.19609375 0.05 0.1390625
0 0.06875 0.2796875 0.0890625 0.1078125
0 0.1640625 0.20390625 0.07421875 0.153125
0 0.1109375 0.32109375 0.11640625 0.1109375
0 0.1484375 0.3046875 0.06875 0.0625
0 0.09296875 0.38828125 0.15703125 0.04453125
0 0.3921875 0.41953125 0.1171875 0.08515625
0 0.46328125 0.5 0.0515625 0.0875
0 0.5140625 0.33828125 0.05390625 0.04296875
0 0.48515625 0.290625 0.1953125 0.125
0 0.396875 0.309375 0.0609375 0.03828125
0 0.346875 0.33046875 0.0921875 0.07890625
0 0.328125 0.31015625 0.096875 0.06640625
0 0.27265625 0.35234375 0.1125 0.04765625
0 0.309375 0.28515625 0.1234375 0.06875
0 0.26328125 0.284375 0.08828125 0.090625
0 0.23984375 0.26640625 0.06015625 0.10859375
0 0.23046875 0.21171875 0.075 0.075
0 0.2921875 0.14296875 0.04375 0.109375
0 0.290625 0.11015625 0.09609375 0.075
0 0.3421875 0.0515625 0.096875 0.103125
0 0.3859375 0.01484375 0.08671875 0.0296875
0 0.40859375 0.10703125 0.0765625 0.0828125
0 0.47265625 0.08046875 0.134375 0.0859375
0 0.5375 0.0171875 0.06484375 0.034375
0 0.784375 0.03046875 0.0875 0.0609375
0 0.925 0.03046875 0.0796875 0.0609375
0 0.9875 0.0359375 0.025 0.046875
0 0.7984375 0.09453125 0.09296875 0.02578125
0 0.70703125 0.134375 0.1484375 0.0515625
0 0.7296875 0.09609375 0.090625 0.046875
0 0.590625 0.171875 0.08984375 0.05859375
0 0.5109375 0.20859375 0.06328125 0.05234375
0 0.5203125 0.1453125 0.13828125 0.1171875
0 0.109375 0.4734375 0.103125 0.06328125
0 0.70234375 0.35 0.11953125 0.12421875
0 0.76015625 0.409375 0.11796875 0.071875
0 0.925 0.28984375 0.15 0.0546875
0 0.70078125 0.41640625 0.084375 0.07890625
0 0.96875 0.203125 0.06171875 0.03203125
0 0.97265625 0.178125 0.05390625 0.028125
0 0.8390625 0.146875 0.12109375 0.05078125
0 0.7515625 0.1546875 0.103125 0.04609375
0 0.778125 0.4546875 0.128125 0.06640625
0 0.97109375 0.35625 0.0578125 0.08203125
0 0.94453125 0.38984375 0.08203125 0.1046875
0 0.9359375 0.49765625 0.12734375 0.065625
0 0.890625 0.53203125 0.10078125 0.07109375
0 0.8703125 0.5625 0.05390625 0.04453125
0 0.75703125 0.515625 0.15859375 0.08671875
0 0.6875 0.5234375 0.17890625 0.090625
0 0.6515625 0.5171875 0.10703125 0.0484375
0 0.975 0.57265625 0.05 0.1078125
0 0.58046875 0.49921875 0.06171875 0.09375
0 0.57109375 0.53515625 0.059375 0.0671875
0 0.5140625 0.53359375 0.059375 0.0859375
0 0.39609375 0.5703125 0.11796875 0.08984375
0 0.3359375 0.54609375 0.059375 0.0625
0 0.28359375 0.5828125 0.05703125 0.02890625
0 0.3078125 0.584375 0.08046875 0.05546875
0 0.2265625 0.62578125 0.084375 0.05859375
0 0.22890625 0.5328125 0.05703125 0.1171875
0 0.21015625 0.56015625 0.04296875 0.07890625
0 0.12734375 0.5546875 0.09609375 0.08359375
0 0.1015625 0.56328125 0.065625 0.0796875
0 0.12734375 0.6296875 0.046875 0.03203125
0 0.05390625 0.5984375 0.1078125 0.0375
0 0.028125 0.6171875 0.05546875 0.0375
0 0.05390625 0.56796875 0.08984375 0.03046875
0 0.0421875 0.54765625 0.04921875 0.0375
0 0.028125 0.58046875 0.05625 0.02578125
0 0.03359375 0.5046875 0.06640625 0.03828125
0 0.0453125 0.45703125 0.0390625 0.05859375
0 0.0203125 0.4734375 0.040625 0.04375
0 0.271875 0.31484375 0.08828125 0.05
0 0.31640625 0.64375 0.2046875 0.06484375
0 0.19609375 0.70625 0.10390625 0.071875
0 0.15625 0.76171875 0.15 0.0546875
0 0.28125 0.79453125 0.0546875 0.115625
0 0.2703125 0.79296875 0.0890625 0.08046875
0 0.26875 0.81796875 0.05703125 0.040625
0 0.19296875 0.82109375 0.0765625 0.05078125
0 0.15546875 0.82578125 0.08359375 0.0546875
0 0.1546875 0.86875 0.1 0.0453125
0 0.0625 0.8125 0.096875 0.05546875
0 0.14140625 0.7890625 0.13046875 0.03671875
0 0.390625 0.803125 0.05546875 0.0328125
0 0.325 0.88046875 0.05 0.0375
0 0.04453125 0.8984375 0.0765625 0.08359375
0 0.02265625 0.84375 0.04453125 0.05
0 0.02109375 0.8734375 0.0421875 0.05
0 0.02421875 0.95078125 0.0484375 0.06875
0 0.046875 0.9578125 0.046875 0.084375
0 0.07890625 0.9796875 0.0515625 0.03984375
0 0.11796875 0.94453125 0.08125 0.1015625
0 0.1671875 0.9640625 0.05546875 0.071875
0 0.3296875 0.9953125 0.1328125 0.009375
0 0.40859375 0.9671875 0.0359375 0.065625
0 0.47421875 0.9796875 0.0640625 0.03984375
0 0.490625 0.9546875 0.084375 0.090625
0 0.571875 0.98125 0.08125 0.0375
0 0.50234375 0.85546875 0.115625 0.1109375
0 0.50859375 0.77734375 0.1578125 0.05625
0 0.5765625 0.72109375 0.09375 0.03984375
0 0.50859375 0.725 0.06015625 0.0421875
0 0.5171875 0.7578125 0.06171875 0.040625
0 0.61953125 0.83828125 0.0625 0.0671875
0 0.60859375 0.8078125 0.0734375 0.08046875
0 0.5921875 0.79140625 0.11484375 0.071875
0 0.74296875 0.71875 0.05703125 0.08125
0 0.6703125 0.6640625 0.10859375 0.05546875
0 0.58359375 0.64921875 0.11171875 0.0609375
0 0.48125 0.671875 0.1546875 0.0484375
0 0.72890625 0.79921875 0.09453125 0.08046875
0 0.8671875 0.89921875 0.07890625 0.115625
0 0.86484375 0.97109375 0.1171875 0.0578125
0 0.77890625 0.9890625 0.0765625 0.021875
0 0.98046875 0.984375 0.0390625 0.03125
0 0.78125 0.6015625 0.1203125 0.05546875
0 0.8375 0.65078125 0.08984375 0.0359375
0 0.9 0.63046875 0.09921875 0.109375
0 0.9546875 0.7296875 0.090625 0.09453125
0 0.96875 0.74765625 0.0625 0.046875
0 0.88828125 0.74140625 0.14140625 0.08828125
0 0.971875 0.8671875 0.05625 0.178125
0 0.9859375 0.9328125 0.028125 0.04375
0 0.52265625 0.61015625 0.10546875 0.05859375
0 0.59453125 0.88828125 0.08671875 0.04609375