0 0.23671875 0.11171875 0.20859375 0.078125
0 0.25078125 0.21484375 0.17578125 0.05078125
0 0.53125 0.12890625 0.1890625 0.06796875
0 0.8296875 0.14453125 0.203125 0.06640625
0 0.528125 0.23359375 0.1640625 0.06015625
0 0.82265625 0.2546875 0.18984375 0.05703125
0 0.82421875 0.3421875 0.1890625 0.059375
0 0.50859375 0.35625 0.22578125 0.06953125
0 0.24140625 0.30625 0.1953125 0.05546875
0 0.2109375 0.41796875 0.178125 0.0546875
0 0.47578125 0.46953125 0.2140625 0.06328125
0 0.828125 0.459375 0.20703125 0.0640625
0 0.82734375 0.58203125 0.19921875 0.0625
0 0.45546875 0.57578125 0.17578125 0.05
0 0.453125 0.6546875 0.1734375 0.0609375
0 0.8140625 0.69921875 0.278125 0.10546875
0 0.83515625 0.81953125 0.20546875 0.0625
0 0.4375 0.7640625 0.19453125 0.0765625
0 0.48125 0.84140625 0.1578125 0.07890625