0 0.57890625 0.07734375 0.3140625 0.153125
0 0.4921875 0.03203125 0.190625 0.0640625
0 0.27578125 0.0859375 0.1140625 0.171875
0 0.10078125 0.0390625 0.1421875 0.078125
0 0.03046875 0.096875 0.0609375 0.19375
0 0.12421875 0.12734375 0.2453125 0.203125
0 0.575 0.19609375 0.209375 0.1578125
0 0.77734375 0.20625 0.234375 0.13125
0 0.95625 0.01484375 0.0875 0.0296875
0 0.9625 0.14375 0.075 0.153125
0 0.95234375 0.1484375 0.0953125 0.296875
0 0.95703125 0.31171875 0.0859375 0.13125
0 0.9578125 0.459375 0.084375 0.19375
0 0.85234375 0.60078125 0.2 0.1359375
0 0.84453125 0.4734375 0.125 0.103125
0 0.75546875 0.52890625 0.1140625 0.246875
0 0.7046875 0.48828125 0.159375 0.2546875
0 0.47734375 0.24140625 0.246875 0.128125
0 0.59765625 0.36171875 0.271875 0.0875
0 0.44453125 0.39765625 0.240625 0.35
0 0.3390625 0.47578125 0.2125 0.1765625
0 0.2703125 0.453125 0.125 0.275
0 0.2 0.33046875 0.10625 0.125
0 0.0421875 0.5796875 0.084375 0.31875
0 0.0328125 0.35703125 0.065625 0.075
0 0.02734375 0.26796875 0.0546875 0.1375
0 0.00390625 0.6203125 0.0078125 0.1515625
0 0.12578125 0.51796875 0.084375 0.371875
0 0.20546875 0.603125 0.0796875 0.24375
0 0.1609375 0.840625 0.134375 0.1109375
0 0.11171875 0.98046875 0.1890625 0.0390625
0 0.18125 0.9875 0.159375 0.025
0 0.27890625 0.78828125 0.10625 0.1671875
0 0.3609375 0.8875 0.165625 0.209375
0 0.36875 0.95546875 0.10625 0.0890625
0 0.44921875 0.95625 0.11875 0.0875
0 0.3921875 0.61328125 0.0703125 0.2640625
0 0.4328125 0.678125 0.040625 0.134375
0 0.53984375 0.53359375 0.2359375 0.24375
0 0.5703125 0.56484375 0.178125 0.2
0 0.4953125 0.7171875 0.090625 0.128125
0 0.56484375 0.6375 0.1125 0.153125
0 0.58671875 0.73984375 0.1140625 0.09375
0 0.6 0.80078125 0.1375 0.11875
0 0.72265625 0.634375 0.165625 0.3734375
0 0.71484375 0.9328125 0.128125 0.134375
0 0.87265625 0.865625 0.21875 0.184375
0 0.9546875 0.82734375 0.090625 0.1328125
0 0.9078125 0.71171875 0.184375 0.178125