0 0.96953125 0.1296875 0.059375 0.259375
0 0.928125 0.13125 0.1125 0.2625
0 0.97890625 0.28359375 0.040625 0.190625
0 0.98203125 0.52578125 0.0359375 0.1203125
0 0.96875 0.6046875 0.0625 0.1484375
0 0.9125 0.63125 0.175 0.1703125
0 0.9 0.6734375 0.2 0.209375
0 0.98046875 0.815625 0.0390625 0.153125
0 0.9625 0.89296875 0.075 0.2125
0 0.66328125 0.13984375 0.0625 0.1015625
0 0.82109375 0.059375 0.13125 0.11875
0 0.66640625 0.02109375 0.1125 0.0421875
0 0.53984375 0.01171875 0.153125 0.0234375
0 0.52421875 0.14296875 0.1671875 0.18125
0 0.47734375 0.14765625 0.0546875 0.0875
0 0.53828125 0.1859375 0.159375 0.134375
0 0.59921875 0.36015625 0.08125 0.36875
0 0.62265625 0.415625 0.1125 0.23125
0 0.54375 0.2921875 0.06875 0.215625
0 0.53046875 0.3140625 0.121875 0.1203125
0 0.365625 0.16015625 0.1234375 0.2265625
0 0.3671875 0.290625 0.175 0.059375
0 0.36328125 0.3671875 0.084375 0.125
0 0.446875 0.43515625 0.1296875 0.290625
0 0.5046875 0.56328125 0.0765625 0.284375
0 0.43125 0.53984375 0.1125 0.1765625
0 0.378125 0.51875 0.078125 0.115625
0 0.3265625 0.640625 0.0890625 0.315625
0 0.26640625 0.684375 0.1375 0.109375
0 0.20625 0.19296875 0.0671875 0.31875
0 0.9140625 0.9421875 0.103125 0.115625
0 0.88515625 0.84140625 0.1390625 0.2921875
0 0.88046875 0.9328125 0.1046875 0.134375
0 0.89453125 0.88046875 0.08125 0.153125
0 0.81015625 0.88203125 0.0625 0.2359375
0 0.8015625 0.9265625 0.1109375 0.146875
0 0.75 0.96015625 0.059375 0.0796875
0 0.74375 0.703125 0.228125 0.16875
0 0.628125 0.621875 0.084375 0.065625
0 0.546875 0.69375 0.146875 0.3234375
0 0.50390625 0.77734375 0.1875 0.28125
0 0.73046875 0.7671875 0.1578125 0.0765625
0 0.6421875 0.84140625 0.09375 0.153125
0 0.39140625 0.75703125 0.08125 0.1484375
0 0.43828125 0.89296875 0.0640625 0.2140625
0 0.3953125 0.96796875 0.121875 0.0640625
0 0.38125 0.928125 0.1 0.103125
0 0.5265625 0.98203125 0.0765625 0.0359375
0 0.34765625 0.85078125 0.11875 0.0890625
0 0.275 0.934375 0.21875 0.13125
0 0.23046875 0.89140625 0.075 0.09375
0 0.2296875 0.76796875 0.046875 0.1796875
0 0.16796875 0.84609375 0.1015625 0.3078125
0 0.2234375 0.98671875 0.05 0.0265625
0 0.2875 0.978125 0.071875 0.04375
0 0.32265625 0.965625 0.0671875 0.06875
0 0.17421875 0.6265625 0.09375 0.1578125
0 0.1234375 0.7578125 0.075 0.20625
0 0.075 0.671875 0.0640625 0.103125
0 0.05390625 0.50859375 0.09375 0.19375
0 0.13203125 0.453125 0.0703125 0.10625
0 0.09453125 0.1546875 0.175 0.2296875
0 0.06875 0.07578125 0.10625 0.14375
0 0.046875 0.22890625 0.09375 0.190625
0 0.09921875 0.88359375 0.10625 0.2
0 0.09609375 0.77578125 0.059375 0.0828125
0 0.06953125 0.91953125 0.0953125 0.1609375
0 0.04609375 0.76875 0.0921875 0.234375
0 0.01640625 0.69140625 0.0328125 0.0609375
0 0.01640625 0.73046875 0.0328125 0.0546875
0 0.0109375 0.80078125 0.021875 0.128125
0 0.015625 0.84140625 0.03125 0.215625
0 0.04765625 0.96015625 0.059375 0.0796875
0 0.125 0.95859375 0.0625 0.0828125
0 0.15546875 0.86640625 0.040625 0.08125
0 0.68359375 0.9625 0.1328125 0.075
0 0.68359375 0.65859375 0.078125 0.0734375
0 0.69296875 0.8140625 0.1390625 0.1203125
0 0.79375 0.809375 0.090625 0.0734375
0 0.73046875 0.8609375 0.115625 0.1203125
0 0.690625 0.90859375 0.146875 0.09375
0 0.58359375 0.9875 0.0921875 0.025
0 0.59296875 0.940625 0.090625 0.1125
0 0.4890625 0.71953125 0.0625 0.0921875
0 0.5109375 0.91640625 0.1 0.1671875