0 0.8125 0.15078125 0.109375 0.28125
0 0.6734375 0.1546875 0.078125 0.2515625
0 0.53125 0.14375 0.0875 0.2640625
0 0.371875 0.103125 0.084375 0.20625
0 0.1421875 0.42421875 0.071875 0.2375
0 0.034375 0.409375 0.06875 0.2484375
0 0.11875 0.91875 0.09375 0.1625
0 0.30234375 0.9203125 0.1046875 0.159375
0 0.484375 0.9203125 0.109375 0.159375
0 0.615625 0.93359375 0.0875 0.1328125
0 0.7859375 0.9328125 0.1078125 0.134375
0 0.79765625 0.56796875 0.10625 0.2828125
0 0.64375 0.5515625 0.103125 0.2640625
0 0.459375 0.509375 0.115625 0.296875
0 0.29609375 0.46640625 0.103125 0.2875