0 0.0484375 0.640625 0.096875 0.1875
0 0.0171875 0.7171875 0.034375 0.15625
0 0.03828125 0.7984375 0.0765625 0.0953125
0 0.08203125 0.86796875 0.1640625 0.1640625
0 0.053125 0.93828125 0.10625 0.1234375
0 0.93671875 0.88203125 0.1265625 0.234375
0 0.8625 0.95390625 0.109375 0.0921875
0 0.7890625 0.91953125 0.065625 0.159375
0 0.73671875 0.94609375 0.2328125 0.1078125
0 0.6953125 0.9125 0.153125 0.175
0 0.64453125 0.89765625 0.2234375 0.0953125
0 0.5953125 0.940625 0.09375 0.11875
0 0.67578125 0.98671875 0.075 0.0265625
0 0.97421875 0.78984375 0.05 0.1015625
0 0.965625 0.85 0.06875 0.1453125
0 0.821875 0.87578125 0.246875 0.196875
0 0.77421875 0.83515625 0.15 0.1046875
0 0.7671875 0.7375 0.065625 0.1453125
0 0.88984375 0.7515625 0.2203125 0.11875
0 0.9609375 0.6640625 0.078125 0.059375
0 0.9359375 0.56953125 0.128125 0.1359375
0 0.7984375 0.5859375 0.11875 0.334375
0 0.840625 0.540625 0.1375 0.228125
0 0.64765625 0.7453125 0.08125 0.1125
0 0.56640625 0.82578125 0.165625 0.1625
0 0.51484375 0.90234375 0.0328125 0.1953125
0 0.45 0.921875 0.09375 0.071875
0 0.48203125 0.85859375 0.1625 0.1375
0 0.49375 0.84140625 0.05 0.0828125
0 0.45390625 0.84375 0.065625 0.0625
0 0.4265625 0.8734375 0.06875 0.109375
0 0.3625 0.97890625 0.190625 0.0421875
0 0.3109375 0.97734375 0.178125 0.0453125
0 0.31484375 0.9484375 0.209375 0.078125
0 0.17734375 0.95625 0.16875 0.0875
0 0.259375 0.88828125 0.2578125 0.0890625
0 0.36328125 0.81875 0.121875 0.1046875
0 0.3984375 0.7265625 0.121875 0.1453125
0 0.465625 0.7515625 0.059375 0.1359375
0 0.5203125 0.73203125 0.2234375 0.2171875
0 0.1765625 0.78515625 0.128125 0.2015625
0 0.06640625 0.80625 0.1328125 0.1625
0 0.0984375 0.70390625 0.15625 0.1484375
0 0.20859375 0.6890625 0.178125 0.384375
0 0.06953125 0.5359375 0.1390625 0.2375
0 0.284375 0.70390625 0.0453125 0.2171875
0 0.32265625 0.68515625 0.053125 0.2265625
0 0.3671875 0.6046875 0.078125 0.1015625
0 0.44453125 0.6140625 0.08125 0.0953125
0 0.43203125 0.534375 0.103125 0.171875
0 0.4953125 0.5375 0.05 0.140625
0 0.50703125 0.6109375 0.109375 0.165625
0 0.56015625 0.60078125 0.090625 0.14375
0 0.61875 0.59921875 0.1390625 0.128125
0 0.62109375 0.54453125 0.090625 0.0515625
0 0.69921875 0.6421875 0.0890625 0.234375
0 0.73046875 0.56171875 0.065625 0.26875
0 0.95625 0.37109375 0.0875 0.2734375
0 0.884375 0.35 0.0796875 0.121875
0 0.94296875 0.03671875 0.1140625 0.0734375
0 0.940625 0.09296875 0.11875 0.1859375
0 0.95390625 0.12890625 0.0921875 0.1203125
0 0.971875 0.2328125 0.05625 0.10625
0 0.87890625 0.25625 0.209375 0.2125
0 0.853125 0.12109375 0.0625 0.16875
0 0.8140625 0.0921875 0.04375 0.184375
0 0.84921875 0.05546875 0.09375 0.1109375
0 0.82578125 0.38828125 0.115625 0.153125
0 0.746875 0.38671875 0.140625 0.140625
0 0.7109375 0.42265625 0.078125 0.15625
0 0.73671875 0.25078125 0.14375 0.178125
0 0.7609375 0.15234375 0.103125 0.303125
0 0.7015625 0.08125 0.06875 0.1625
0 0.63984375 0.10703125 0.08125 0.2140625
0 0.77421875 0.00546875 0.1015625 0.0109375
0 0.61640625 0.01328125 0.2796875 0.0265625
0 0.55 0.084375 0.125 0.1234375
0 0.553125 0.14375 0.1828125 0.1625
0 0.50546875 0.15625 0.1125 0.0875
0 0.5484375 0.2234375 0.2421875 0.140625
0 0.590625 0.3078125 0.19375 0.175
0 0.621875 0.3828125 0.06875 0.0765625
0 0.63515625 0.45078125 0.178125 0.175
0 0.55234375 0.44296875 0.1453125 0.1078125
0 0.51796875 0.3734375 0.1328125 0.1125
0 0.47578125 0.2796875 0.103125 0.121875
0 0.42578125 0.48046875 0.08125 0.16875
0 0.41328125 0.2671875 0.08125 0.125
0 0.33984375 0.11640625 0.19375 0.196875
0 0.41171875 0.06328125 0.196875 0.103125
0 0.38828125 0.0453125 0.1390625 0.090625
0 0.24140625 0.11328125 0.103125 0.2265625
0 0.2390625 0.09609375 0.05 0.096875
0 0.19296875 0.0734375 0.0921875 0.146875
0 0.20859375 0.221875 0.0703125 0.10625
0 0.1609375 0.1578125 0.05 0.2125
0 0.12734375 0.1140625 0.071875 0.1875
0 0.23515625 0.29921875 0.278125 0.184375
0 0.359375 0.31875 0.18125 0.3125
0 0.34375 0.49921875 0.1859375 0.1375
0 0.31796875 0.45625 0.1625 0.1125
0 0.23125 0.425 0.175 0.0828125
0 0.12734375 0.4640625 0.0625 0.06875
0 0.2171875 0.578125 0.140625 0.1625
0 0.06640625 0.3953125 0.1125 0.1765625
0 0.03203125 0.46796875 0.05 0.06875
0 0.015625 0.41484375 0.03125 0.2828125
0 0.01640625 0.31640625 0.0328125 0.1578125
0 0.046875 0.22578125 0.09375 0.1296875
0 0.03203125 0.103125 0.0609375 0.20625
0 0.10234375 0.11015625 0.075 0.21875
0 0.015625 0.04609375 0.03125 0.090625