0 0.9578125 0.4265625 0.084375 0.553125
0 0.95546875 0.490625 0.075 0.259375
0 0.94453125 0.93515625 0.1109375 0.1296875
0 0.81953125 0.85 0.103125 0.1015625
0 0.8171875 0.93046875 0.1796875 0.109375
0 0.071875 0.8703125 0.14375 0.16875
0 0.15390625 0.3984375 0.14375 0.25
0 0.1515625 0.54296875 0.1875 0.44375
0 0.20078125 0.8703125 0.096875 0.128125
0 0.1859375 0.8125 0.153125 0.1546875
0 0.42890625 0.478125 0.15 0.1203125
0 0.39140625 0.34921875 0.090625 0.1546875
0 0.54609375 0.93046875 0.171875 0.1390625
0 0.5203125 0.94296875 0.09375 0.1140625
0 0.62421875 0.7703125 0.11875 0.1125
0 0.89453125 0.16484375 0.0828125 0.278125
0 0.66953125 0.31640625 0.178125 0.23125
0 0.609375 0.26328125 0.1484375 0.1375
0 0.46953125 0.61640625 0.15 0.2
0 0.4109375 0.72109375 0.1375 0.1375
0 0.4734375 0.7078125 0.1578125 0.2390625
0 0.30703125 0.92578125 0.321875 0.1109375
0 0.4125 0.86875 0.209375 0.1375
0 0.365625 0.7140625 0.0921875 0.146875
0 0.2765625 0.8140625 0.0734375 0.190625
0 0.80625 0.1953125 0.13125 0.228125
0 0.71015625 0.68984375 0.0796875 0.121875
0 0.38515625 0.609375 0.2078125 0.203125