0 0.021875 0.0828125 0.04375 0.165625
0 0.12109375 0.19765625 0.2421875 0.11875
0 0.1109375 0.1 0.1875 0.2
0 0.02734375 0.0953125 0.053125 0.0875
0 0.09765625 0.02109375 0.1125 0.0421875
0 0.07734375 0.34921875 0.1546875 0.0703125
0 0.06171875 0.28984375 0.1234375 0.065625
0 0.17109375 0.2765625 0.109375 0.090625
0 0.2671875 0.04765625 0.08125 0.09375
0 0.0640625 0.48046875 0.128125 0.15
0 0.31484375 0.20390625 0.0984375 0.1734375
0 0.36796875 0.07109375 0.146875 0.0859375
0 0.60234375 0.06796875 0.359375 0.134375
0 0.859375 0.0140625 0.28125 0.028125
0 0.88671875 0.05625 0.225 0.090625
0 0.903125 0.15078125 0.19375 0.1609375
0 0.9625 0.14609375 0.075 0.115625
0 0.9 0.20625 0.084375 0.0875
0 0.71875 0.2046875 0.31875 0.109375
0 0.41640625 0.2421875 0.2625 0.14375
0 0.24453125 0.45546875 0.2125 0.1859375
0 0.46875 0.3 0.271875 0.084375
0 0.615625 0.3046875 0.1 0.153125
0 0.7296875 0.28515625 0.2578125 0.0828125
0 0.840625 0.3046875 0.215625 0.078125
0 0.83046875 0.3515625 0.1953125 0.084375
0 0.82421875 0.39140625 0.290625 0.15625
0 0.965625 0.28515625 0.06875 0.071875
0 0.87421875 0.43203125 0.203125 0.15
0 0.9125 0.5046875 0.175 0.1
0 0.8203125 0.69609375 0.25625 0.1328125
0 0.77265625 0.7890625 0.175 0.0859375
0 0.72421875 0.6109375 0.171875 0.134375
0 0.61484375 0.6578125 0.0921875 0.13125
0 0.5421875 0.53828125 0.4015625 0.084375
0 0.66796875 0.38671875 0.246875 0.1625
0 0.653125 0.49296875 0.1046875 0.0765625
0 0.490625 0.365625 0.2 0.034375
0 0.1921875 0.61796875 0.1625 0.0734375
0 0.43984375 0.61328125 0.303125 0.115625
0 0.85859375 0.571875 0.1 0.1078125
0 0.97578125 0.92734375 0.0484375 0.10625
0 0.73125 0.909375 0.121875 0.18125
0 0.89921875 0.9203125 0.2015625 0.109375
0 0.5875 0.9671875 0.678125 0.065625
0 0.5453125 0.740625 0.246875 0.159375
0 0.53125 0.8171875 0.3828125 0.1453125
0 0.59765625 0.9734375 0.159375 0.053125
0 0.06484375 0.57890625 0.1296875 0.1890625
0 0.02421875 0.6078125 0.0484375 0.175
0 0.2265625 0.71015625 0.453125 0.1109375
0 0.14140625 0.7640625 0.2828125 0.0625
0 0.12421875 0.81875 0.1984375 0.0859375
0 0.26796875 0.83046875 0.1078125 0.0890625
0 0.36328125 0.89375 0.128125 0.1
0 0.184375 0.97421875 0.290625 0.0515625
0 0.44375 0.42265625 0.1484375 0.090625
0 0.553125 0.47109375 0.0984375 0.09375
0 0.4734375 0.91328125 0.096875 0.090625
0 0.090625 0.90546875 0.109375 0.0890625
0 0.02109375 0.7921875 0.0421875 0.0546875
0 0.8890625 0.9875 0.146875 0.025
0 0.9765625 0.38828125 0.046875 0.121875