0 0.03203125 0.77890625 0.0640625 0.3125
0 0.07734375 0.79609375 0.128125 0.353125
0 0.021875 0.59375 0.04375 0.21875
0 0.01796875 0.31640625 0.0359375 0.1375
0 0.0328125 0.225 0.065625 0.171875
0 0.0984375 0.19453125 0.196875 0.1953125
0 0.1125 0.14609375 0.225 0.240625
0 0.01953125 0.0359375 0.0375 0.071875
0 0.38203125 0.7609375 0.0734375 0.1171875
0 0.2 0.89296875 0.15 0.2140625
0 0.37890625 0.93671875 0.13125 0.1265625
0 0.58359375 0.97109375 0.2625 0.0578125
0 0.525 0.946875 0.175 0.10625
0 0.54296875 0.75625 0.1921875 0.209375
0 0.596875 0.7515625 0.0625 0.1
0 0.5265625 0.70703125 0.184375 0.1546875
0 0.45625 0.50703125 0.09375 0.4234375
0 0.42890625 0.44375 0.1296875 0.2671875
0 0.51953125 0.58515625 0.078125 0.25
0 0.53515625 0.559375 0.140625 0.1375
0 0.72578125 0.73671875 0.1421875 0.2609375
0 0.7234375 0.58671875 0.2015625 0.0671875
0 0.72734375 0.4984375 0.096875 0.14375
0 0.63125 0.42109375 0.15 0.334375
0 0.56484375 0.2734375 0.0875 0.328125
0 0.64921875 0.3 0.128125 0.203125
0 0.71015625 0.32421875 0.0890625 0.13125
0 0.7703125 0.18359375 0.103125 0.3625
0 0.83984375 0.13359375 0.1578125 0.125
0 0.90859375 0.7 0.078125 0.36875
0 0.1265625 0.06015625 0.159375 0.1203125
0 0.28984375 0.11171875 0.2625 0.1953125
0 0.42265625 0.20625 0.096875 0.075
0 0.51640625 0.1546875 0.16875 0.309375
0 0.56640625 0.09375 0.2171875 0.1875
0 0.3046875 0.04140625 0.18125 0.08125
0 0.40703125 0.0203125 0.1078125 0.040625
0 0.69609375 0.06796875 0.09375 0.134375
0 0.88203125 0.06953125 0.0546875 0.1390625
0 0.946875 0.0625 0.10625 0.125
0 0.94609375 0.2 0.10625 0.18125
0 0.98046875 0.084375 0.0375 0.16875
0 0.9765625 0.39921875 0.046875 0.121875
0 0.96796875 0.74375 0.0625 0.2640625
0 0.35859375 0.16328125 0.090625 0.084375
0 0.34921875 0.0265625 0.1609375 0.053125
0 0.2328125 0.015625 0.103125 0.03125
0 0.5828125 0.09296875 0.071875 0.10625