0 0.94921875 0.08125 0.0859375 0.125
0 0.83515625 0.09765625 0.065625 0.10625
0 0.75 0.10390625 0.0703125 0.1078125
0 0.6375 0.1109375 0.096875 0.1265625
0 0.16875 0.015625 0.078125 0.03125
0 0.08203125 0.02890625 0.0984375 0.0578125
0 0.26953125 0.2578125 0.0875 0.0734375
0 0.175 0.2609375 0.065625 0.071875
0 0.09609375 0.26796875 0.059375 0.065625
0 0.5453125 0.09296875 0.0890625 0.1046875
0 0.978125 0.60390625 0.04375 0.065625
0 0.86796875 0.621875 0.125 0.071875
0 0.73359375 0.6234375 0.125 0.071875
0 0.571875 0.62421875 0.103125 0.06875
0 0.89609375 0.6953125 0.1171875 0.0484375
0 0.71484375 0.7359375 0.0953125 0.084375
0 0.7859375 0.78671875 0.078125 0.06875
0 0.66953125 0.84375 0.14375 0.084375
0 0.61484375 0.8171875 0.1078125 0.090625
0 0.578125 0.76015625 0.0671875 0.075
0 0.61171875 0.9296875 0.109375 0.0984375
0 0.471875 0.859375 0.0953125 0.084375
0 0.33046875 0.8796875 0.11875 0.065625
0 0.38359375 0.79921875 0.146875 0.05
0 0.48984375 0.73515625 0.1125 0.078125
0 0.44921875 0.6859375 0.084375 0.109375
0 0.38359375 0.66953125 0.103125 0.13125
0 0.35 0.753125 0.10625 0.053125
0 0.31484375 0.68515625 0.059375 0.103125
0 0.23828125 0.7421875 0.125 0.059375