0 0.89140625 0.97265625 0.134375 0.0546875
0 0.809375 0.9296875 0.2078125 0.0578125
0 0.775 0.971875 0.11875 0.05625
0 0.71328125 0.73671875 0.0640625 0.296875
0 0.8203125 0.76484375 0.159375 0.3078125
0 0.846875 0.76484375 0.065625 0.1140625
0 0.953125 0.9015625 0.09375 0.1453125
0 0.9734375 0.765625 0.053125 0.10625
0 0.9484375 0.57578125 0.103125 0.3421875
0 0.9640625 0.646875 0.071875 0.18125
0 0.9328125 0.54140625 0.059375 0.1640625
0 0.76953125 0.4171875 0.1921875 0.103125
0 0.6703125 0.93515625 0.059375 0.1296875
0 0.60078125 0.91640625 0.103125 0.165625
0 0.40078125 0.98046875 0.1296875 0.0390625
0 0.37890625 0.88984375 0.0703125 0.2203125
0 0.43125 0.703125 0.0796875 0.178125
0 0.0578125 0.84140625 0.115625 0.2046875
0 0.084375 0.6828125 0.16875 0.1875
0 0.15625 0.57109375 0.06875 0.1015625
0 0.23828125 0.56484375 0.1234375 0.2
0 0.26015625 0.84609375 0.0890625 0.1921875
0 0.4921875 0.6765625 0.1453125 0.2109375
0 0.50859375 0.61328125 0.240625 0.30625
0 0.96015625 0.36640625 0.0796875 0.171875
0 0.95859375 0.1609375 0.0828125 0.2
0 0.921875 0.01875 0.15625 0.0375
0 0.78515625 0.06328125 0.053125 0.125
0 0.5609375 0.3609375 0.1734375 0.10625
0 0.48203125 0.33125 0.171875 0.1671875
0 0.6234375 0.16171875 0.203125 0.075
0 0.684375 0.04765625 0.090625 0.0953125
0 0.6203125 0.01171875 0.071875 0.0234375
0 0.59609375 0.034375 0.11875 0.06875
0 0.4375 0.115625 0.203125 0.23125
0 0.19921875 0.40703125 0.1375 0.090625
0 0.115625 0.31015625 0.065625 0.2
0 0.2296875 0.29765625 0.196875 0.1390625
0 0.27109375 0.4484375 0.071875 0.146875
0 0.03125 0.2984375 0.0625 0.109375
0 0.090625 0.13828125 0.18125 0.1203125
0 0.075 0.04609375 0.15 0.0921875
0 0.21015625 0.0203125 0.046875 0.040625
0 0.25859375 0.109375 0.1078125 0.1359375
0 0.36953125 0.03828125 0.128125 0.0765625
0 0.5828125 0.53046875 0.0953125 0.140625
0 0.88671875 0.58984375 0.0796875 0.1171875
0 0.9046875 0.7015625 0.071875 0.1109375
0 0.471875 0.8765625 0.0671875 0.090625
0 0.4515625 0.91953125 0.140625 0.1609375
0 0.86484375 0.10703125 0.08125 0.13125
0 0.0890625 0.53359375 0.1328125 0.1125
0 0.14296875 0.8125 0.1046875 0.1421875
0 0.309375 0.05234375 0.140625 0.1046875
0 0.3640625 0.66015625 0.0625 0.1015625
0 0.8328125 0.6140625 0.071875 0.16875
0 0.8484375 0.51015625 0.0578125 0.053125