0 0.74609375 0.02890625 0.25 0.0578125
0 0.1890625 0.0828125 0.26875 0.165625
0 0.1453125 0.33671875 0.2203125 0.18125
0 0.88828125 0.2109375 0.2234375 0.253125
0 0.571875 0.0984375 0.2734375 0.1921875
0 0.821875 0.29453125 0.2921875 0.203125
0 0.62265625 0.3609375 0.246875 0.1375
0 0.51796875 0.5296875 0.2390625 0.2078125
0 0.8953125 0.57890625 0.209375 0.1765625
0 0.93671875 0.853125 0.125 0.2015625
0 0.7078125 0.7390625 0.165625 0.259375
0 0.3359375 0.61171875 0.3375 0.165625
0 0.25234375 0.72734375 0.446875 0.1953125
0 0.54921875 0.81328125 0.140625 0.159375
0 0.3125 0.86796875 0.334375 0.090625
0 0.4890625 0.9515625 0.18125 0.096875