0 0.203125 0.02421875 0.159375 0.046875
0 0.3734375 0.02890625 0.259375 0.0578125
0 0.1859375 0.0671875 0.228125 0.09375
0 0.4125 0.1390625 0.61875 0.196875
0 0.53359375 0.0234375 0.209375 0.046875
0 0.890625 0.08203125 0.21875 0.1640625
0 0.5609375 0.5609375 0.26875 0.234375
0 0.26796875 0.22734375 0.265625 0.1125
0 0.5859375 0.3421875 0.190625 0.11875
0 0.24296875 0.290625 0.203125 0.128125
0 0.8484375 0.38125 0.115625 0.23125
0 0.95546875 0.23046875 0.0875 0.2125
0 0.8703125 0.1515625 0.09375 0.178125
0 0.78359375 0.0796875 0.128125 0.115625
0 0.9828125 0.36484375 0.034375 0.140625
0 0.1421875 0.634375 0.134375 0.234375
0 0.271875 0.715625 0.20625 0.240625
0 0.453125 0.85 0.3515625 0.109375
0 0.68203125 0.834375 0.2875 0.184375
0 0.64921875 0.9203125 0.371875 0.05
0 0.0671875 0.92109375 0.134375 0.1578125
0 0.1546875 0.94453125 0.078125 0.1109375
0 0.81640625 0.78046875 0.184375 0.365625
0 0.896875 0.95546875 0.20625 0.0890625
0 0.4625 0.9515625 0.478125 0.096875
0 0.3828125 0.58984375 0.265625 0.178125
0 0.67421875 0.2140625 0.25 0.140625
0 0.54140625 0.2421875 0.090625 0.0703125
0 0.453125 0.209375 0.1265625 0.134375
0 0.01328125 0.81640625 0.025 0.0578125