0 0.0234375 0.04296875 0.046875 0.0859375
0 0.52421875 0.678125 0.128125 0.096875
0 0.88984375 0.715625 0.21875 0.24375
0 0.6890625 0.3484375 0.190625 0.1125
0 0.5421875 0.4203125 0.13125 0.0875
0 0.48203125 0.578125 0.4078125 0.2375
0 0.30546875 0.615625 0.14375 0.08125
0 0.278125 0.82421875 0.2296875 0.184375
0 0.0265625 0.390625 0.053125 0.1484375
0 0.02265625 0.50390625 0.04375 0.215625
0 0.20546875 0.6484375 0.1875 0.146875
0 0.0734375 0.678125 0.146875 0.09375
0 0.06640625 0.603125 0.13125 0.1
0 0.13046875 0.553125 0.2609375 0.1375
0 0.0609375 0.54453125 0.121875 0.1765625
0 0.10390625 0.26953125 0.084375 0.20625
0 0.55546875 0.2875 0.2875 0.215625
0 0.10703125 0.1921875 0.2125 0.15
0 0.34296875 0.20078125 0.159375 0.16875
0 0.48046875 0.1375 0.265625 0.115625
0 0.2296875 0.10390625 0.15625 0.1625
0 0.5640625 0.04453125 0.1875 0.0875
0 0.41484375 0.9484375 0.1 0.103125
0 0.6421875 0.9546875 0.1015625 0.090625
0 0.8375 0.97890625 0.325 0.0421875
0 0.8765625 0.834375 0.15 0.15
0 0.9578125 0.33046875 0.084375 0.078125
0 0.8875 0.284375 0.225 0.0953125
0 0.94453125 0.20625 0.1109375 0.1125
0 0.5046875 0.2078125 0.128125 0.084375
0 0.18359375 0.053125 0.125 0.10625