0 0.1 0.38359375 0.06875 0.0625
0 0.17734375 0.23125 0.0953125 0.0265625
0 0.1953125 0.26171875 0.12421875 0.05078125
0 0.30625 0.25234375 0.065625 0.06796875
0 0.38125 0.26484375 0.04765625 0.0734375
0 0.28359375 0.1484375 0.046875 0.10546875
0 0.3328125 0.13125 0.046875 0.06875
0 0.375 0.0859375 0.06953125 0.05859375
0 0.48125 0.07109375 0.1109375 0.02890625
0 0.528125 0.05 0.04296875 0.06875
0 0.5859375 0.09609375 0.05625 0.065625
0 0.684375 0.14765625 0.12421875 0.0546875
0 0.715625 0.1125 0.05546875 0.0421875
0 0.5 0.15546875 0.053125 0.040625
0 0.5515625 0.16484375 0.0703125 0.0515625
0 0.4203125 0.178125 0.08515625 0.08046875
0 0.4796875 0.19921875 0.0484375 0.04296875
0 0.44609375 0.26875 0.08203125 0.0890625
0 0.53671875 0.2390625 0.0453125 0.06796875
0 0.56171875 0.2296875 0.0640625 0.08828125
0 0.51328125 0.29453125 0.084375 0.05234375
0 0.56796875 0.284375 0.084375 0.05
0 0.596875 0.26640625 0.06015625 0.05234375
0 0.65 0.22890625 0.065625 0.05546875
0 0.709375 0.2296875 0.0796875 0.03515625
0 0.80078125 0.2296875 0.08125 0.11484375
0 0.8125 0.3125 0.0640625 0.03125
0 0.73359375 0.3109375 0.06328125 0.08046875
0 0.6796875 0.26171875 0.0703125 0.0375
0 0.61875 0.30234375 0.1 0.04609375
0 0.7671875 0.365625 0.0765625 0.0578125
0 0.7890625 0.38125 0.103125 0.096875
0 0.6953125 0.41796875 0.084375 0.046875
0 0.6203125 0.35546875 0.07734375 0.07734375
0 0.58671875 0.35546875 0.071875 0.07265625
0 0.55 0.37890625 0.05859375 0.04140625
0 0.48203125 0.34609375 0.09375 0.040625
0 0.4296875 0.375 0.17890625 0.0328125
0 0.27421875 0.35078125 0.1125 0.0734375
0 0.33203125 0.34921875 0.078125 0.05546875
0 0.40859375 0.35390625 0.04609375 0.0390625
0 0.26953125 0.4 0.040625 0.0734375
0 0.17421875 0.39765625 0.0375 0.0625
0 0.1328125 0.44609375 0.04453125 0.075
0 0.1953125 0.49921875 0.0796875 0.053125
0 0.2203125 0.4234375 0.08125 0.09140625
0 0.27109375 0.48203125 0.0484375 0.0734375
0 0.24140625 0.47890625 0.06015625 0.05390625
0 0.4234375 0.4109375 0.0859375 0.053125
0 0.534375 0.43359375 0.06875 0.04375
0 0.596875 0.4078125 0.04453125 0.03203125
0 0.60546875 0.42578125 0.0828125 0.0578125
0 0.73515625 0.46953125 0.09296875 0.025
0 0.8984375 0.4484375 0.10546875 0.04921875
0 0.9234375 0.3984375 0.046875 0.053125
0 0.5890625 0.4984375 0.04296875 0.06328125
0 0.640625 0.50859375 0.0546875 0.05
0 0.72890625 0.5140625 0.06875 0.06796875
0 0.35390625 0.45859375 0.05234375 0.034375
0 0.5140625 0.5140625 0.0625 0.0796875
0 0.53203125 0.55 0.08671875 0.04375
0 0.5453125 0.57578125 0.071875 0.059375
0 0.696875 0.5828125 0.109375 0.0703125
0 0.69609375 0.60234375 0.07109375 0.04140625
0 0.68515625 0.625 0.1546875 0.028125
0 0.86796875 0.5828125 0.115625 0.02890625
0 0.909375 0.5625 0.078125 0.04296875
0 0.96796875 0.50078125 0.0640625 0.0578125
0 0.15234375 0.53984375 0.12265625 0.03984375
0 0.1859375 0.65546875 0.0640625 0.1015625
0 0.1015625 0.73984375 0.08125 0.0703125
0 0.22890625 0.72578125 0.09765625 0.09609375
0 0.22578125 0.68984375 0.084375 0.06640625
0 0.2140625 0.6625 0.0796875 0.09609375
0 0.31640625 0.68984375 0.07421875 0.06171875
0 0.28046875 0.60390625 0.04609375 0.0578125
0 0.25703125 0.78671875 0.0859375 0.07890625
0 0.40703125 0.83046875 0.20390625 0.0875
0 0.33125 0.86953125 0.07109375 0.075
0 0.41796875 0.80078125 0.12890625 0.05859375
0 0.54921875 0.81640625 0.0484375 0.0921875
0 0.5890625 0.82109375 0.053125 0.0609375
0 0.63671875 0.78984375 0.07578125 0.0578125
0 0.6765625 0.840625 0.08515625 0.175
0 0.80546875 0.73046875 0.16640625 0.04296875
0 0.8046875 0.678125 0.153125 0.07421875
0 0.865625 0.61484375 0.04921875 0.06171875
0 0.615625 0.72109375 0.09375 0.09453125
0 0.57734375 0.7234375 0.06171875 0.08359375
0 0.515625 0.76640625 0.046875 0.04921875
0 0.534375 0.72109375 0.1 0.06484375
0 0.540625 0.68671875 0.1078125 0.0765625
0 0.521875 0.66796875 0.0921875 0.0640625
0 0.43359375 0.6109375 0.0671875 0.08125
0 0.4078125 0.58046875 0.02890625 0.06484375
0 0.390625 0.54140625 0.10078125 0.0484375
0 0.31875 0.55546875 0.03984375 0.10390625
0 0.30859375 0.5640625 0.03984375 0.07109375
0 0.284375 0.56640625 0.04296875 0.03984375
0 0.35625 0.6171875 0.08984375 0.05703125