0 0.8703125 0.2 0.259375 0.103125
0 0.465625 0.22421875 0.265625 0.09375
0 0.09140625 0.24609375 0.18125 0.09375
0 0.86953125 0.346875 0.24375 0.071875
0 0.4765625 0.38203125 0.24375 0.084375
0 0.09375 0.41171875 0.1875 0.06875
0 0.09609375 0.53828125 0.1921875 0.078125
0 0.5140625 0.55390625 0.296875 0.1
0 0.8703125 0.484375 0.259375 0.0796875
0 0.90859375 0.640625 0.18125 0.090625
0 0.5609375 0.71796875 0.3046875 0.084375
0 0.1046875 0.7109375 0.209375 0.103125
0 0.59453125 0.859375 0.221875 0.078125
0 0.1109375 0.8703125 0.221875 0.075
0 0.6 0.95859375 0.2296875 0.08125
0 0.15625 0.975 0.3125 0.046875