0 0.1875 0.025 0.2515625 0.05
0 0.28984375 0.14140625 0.2171875 0.0734375
0 0.27265625 0.26015625 0.284375 0.1
0 0.18046875 0.38359375 0.25625 0.0953125
0 0.13125 0.515625 0.23125 0.071875
0 0.1421875 0.6296875 0.284375 0.109375
0 0.12578125 0.75234375 0.25 0.090625
0 0.10390625 0.84765625 0.2078125 0.06875
0 0.66796875 0.46796875 0.075 0.075
0 0.6546875 0.56328125 0.1125 0.0578125
0 0.69921875 0.665625 0.090625 0.053125
0 0.6796875 0.77265625 0.11875 0.059375
0 0.6703125 0.86015625 0.134375 0.059375
0 0.66171875 0.9625 0.11875 0.075
0 0.903125 0.2875 0.19375 0.05
0 0.93125 0.309375 0.1375 0.040625
0 0.9546875 0.128125 0.090625 0.1