0 0.7484375 0.06484375 0.25 0.08125
0 0.26328125 0.1328125 0.34375 0.146875
0 0.2390625 0.275 0.24375 0.0640625
0 0.721875 0.19375 0.1953125 0.0640625
0 0.71328125 0.29609375 0.190625 0.065625
0 0.2203125 0.4328125 0.25 0.08125
0 0.684375 0.42734375 0.240625 0.084375
0 0.95546875 0.5 0.0890625 0.071875
0 0.6390625 0.575 0.25625 0.0859375
0 0.21171875 0.58359375 0.2375 0.0765625
0 0.20546875 0.70625 0.23125 0.0625
0 0.5984375 0.73359375 0.2125 0.0671875
0 0.921875 0.6421875 0.15625 0.0625
0 0.925 0.7671875 0.15 0.059375
0 0.91640625 0.89375 0.1671875 0.0875
0 0.58828125 0.88125 0.234375 0.071875
0 0.20078125 0.85703125 0.25625 0.075