0 0.0328125 0.80859375 0.065625 0.2328125
0 0.484375 0.63203125 0.1140625 0.2578125
0 0.56953125 0.68203125 0.06640625 0.17578125
0 0.6703125 0.6890625 0.12890625 0.0578125
0 0.66953125 0.80625 0.07734375 0.20546875
0 0.5765625 0.8375 0.053125 0.0921875
0 0.528125 0.90546875 0.1125 0.08671875
0 0.50234375 0.94921875 0.1046875 0.10078125
0 0.43359375 0.884375 0.0703125 0.1109375
0 0.29296875 0.771875 0.05390625 0.15
0 0.38046875 0.79140625 0.13359375 0.0703125
0 0.44140625 0.68046875 0.084375 0.0875
0 0.4453125 0.640625 0.08203125 0.08359375
0 0.6453125 0.56484375 0.07421875 0.1234375
0 0.7484375 0.2953125 0.0859375 0.18203125
0 0.934375 0.15546875 0.08203125 0.1453125
0 0.39921875 0.04140625 0.065625 0.08203125
0 0.36171875 0.0640625 0.02890625 0.128125
0 0.29375 0.12109375 0.115625 0.08359375
0 0.20859375 0.15703125 0.06640625 0.203125
0 0.14921875 0.253125 0.06796875 0.20703125
0 0.0296875 0.34921875 0.059375 0.1578125
0 0.0265625 0.5234375 0.053125 0.12890625
0 0.04765625 0.54375 0.05703125 0.09140625
0 0.08125 0.60703125 0.1015625 0.1390625
0 0.1203125 0.490625 0.08046875 0.134375
0 0.2203125 0.5875 0.178125 0.27890625
0 0.2125 0.4671875 0.02890625 0.1109375
0 0.2703125 0.409375 0.07421875 0.1390625
0 0.2484375 0.2375 0.159375 0.15
0 0.52421875 0.5046875 0.1625 0.18203125
0 0.59453125 0.45078125 0.0859375 0.09921875
0 0.81015625 0.7046875 0.06640625 0.0796875
0 0.86796875 0.5796875 0.0953125 0.1921875
0 0.94140625 0.50234375 0.1171875 0.2359375
0 0.8890625 0.9328125 0.09765625 0.0609375
0 0.96171875 0.8546875 0.0765625 0.078125
0 0.72890625 0.7640625 0.05078125 0.11640625
0 0.81953125 0.97109375 0.1140625 0.0578125
0 0.8015625 0.77578125 0.134375 0.128125
0 0.459375 0.80234375 0.16171875 0.06015625
0 0.2171875 0.9609375 0.09140625 0.078125
0 0.15234375 0.9546875 0.08984375 0.08984375
0 0.07890625 0.9578125 0.0796875 0.084375
0 0.13046875 0.746875 0.0671875 0.1234375
0 0.12421875 0.81640625 0.08203125 0.0890625
0 0.1765625 0.8609375 0.1078125 0.078125
0 0.39140625 0.72109375 0.12734375 0.09765625
0 0.61484375 0.95078125 0.06796875 0.09765625
0 0.709375 0.9734375 0.07265625 0.053125
0 0.075 0.83515625 0.13671875 0.21875
0 0.059375 0.7125 0.11796875 0.17890625
0 0.278125 0.54921875 0.1078125 0.1796875
0 0.1953125 0.7640625 0.1375 0.09453125
0 0.0984375 0.67421875 0.12734375 0.08203125
0 0.21015625 0.67734375 0.165625 0.0703125
0 0.16875 0.59921875 0.0640625 0.06796875
0 0.11484375 0.5859375 0.1140625 0.13203125
0 0.46171875 0.10859375 0.11328125 0.11875
0 0.75859375 0.83671875 0.090625 0.08046875
0 0.625 0.415625 0.18125 0.15078125
0 0.66640625 0.30234375 0.0796875 0.12109375
0 0.36171875 0.18359375 0.08828125 0.16875
0 0.815625 0.49140625 0.06484375 0.075
0 0.9328125 0.65625 0.07109375 0.1140625
0 0.9515625 0.75703125 0.09375 0.071875
0 0.86484375 0.8828125 0.04453125 0.05234375
0 0.86796875 0.96640625 0.1203125 0.06640625
0 0.9890625 0.359375 0.021875 0.1984375
0 0.16640625 0.371875 0.0734375 0.10078125
0 0.22109375 0.38984375 0.07734375 0.0984375
0 0.96640625 0.034375 0.0671875 0.06875
0 0.221875 0.63046875 0.06796875 0.05546875