0 0.20078125 0.7125 0.12421875 0.0296875
0 0.2015625 0.74765625 0.1234375 0.02734375
0 0.2078125 0.7828125 0.0890625 0.028125
0 0.21328125 0.828125 0.13359375 0.025
0 0.20390625 0.884375 0.12890625 0.034375
0 0.50390625 0.86328125 0.0890625 0.03359375
0 0.51953125 0.8234375 0.1140625 0.021875
0 0.503125 0.79765625 0.10390625 0.02734375
0 0.81796875 0.8921875 0.10703125 0.0296875
0 0.76796875 0.84140625 0.09296875 0.02890625
0 0.76953125 0.796875 0.12265625 0.034375
0 0.79921875 0.74921875 0.10078125 0.03515625
0 0.8109375 0.6984375 0.09921875 0.028125
0 0.8078125 0.65546875 0.12265625 0.03828125
0 0.79921875 0.60390625 0.10390625 0.0328125
0 0.803125 0.57265625 0.0875 0.02421875
0 0.59453125 0.5484375 0.046875 0.028125
0 0.59453125 0.5859375 0.04921875 0.0234375
0 0.596875 0.61875 0.04609375 0.02109375
0 0.59609375 0.65625 0.03359375 0.02109375
0 0.6140625 0.690625 0.04609375 0.02109375
0 0.615625 0.72890625 0.0375 0.03125
0 0.5609375 0.1234375 0.09453125 0.0359375
0 0.6921875 0.12265625 0.08828125 0.025
0 0.821875 0.121875 0.0890625 0.034375
0 0.5671875 0.1671875 0.07109375 0.02109375
0 0.6890625 0.1703125 0.08125 0.03046875
0 0.8265625 0.17265625 0.0875 0.0296875
0 0.82890625 0.2109375 0.08828125 0.0296875
0 0.834375 0.265625 0.0859375 0.03046875
0 0.68671875 0.22421875 0.09609375 0.03359375
0 0.575 0.21015625 0.08984375 0.0265625
0 0.5609375 0.2578125 0.08125 0.025
0 0.6765625 0.27578125 0.0875 0.02890625
0 0.8375 0.3171875 0.0875 0.02890625
0 0.671875 0.32265625 0.0796875 0.025
0 0.67265625 0.35546875 0.06640625 0.03515625
0 0.8328125 0.36875 0.1234375 0.0515625
0 0.84921875 0.41875 0.09453125 0.02421875
0 0.67265625 0.4015625 0.0875 0.0328125
0 0.6953125 0.43203125 0.07265625 0.03828125
0 0.2203125 0.0609375 0.0984375 0.05078125
0 0.16953125 0.10078125 0.06328125 0.078125
0 0.2234375 0.12890625 0.09140625 0.03671875
0 0.21796875 0.11796875 0.09453125 0.03828125
0 0.27734375 0.10703125 0.0484375 0.046875
0 0.1859375 0.09609375 0.04765625 0.06640625
0 0.20078125 0.09453125 0.04296875 0.06953125
0 0.22421875 0.07734375 0.1015625 0.02734375
0 0.27421875 0.11484375 0.03671875 0.0328125