0 0.1609375 0.0234375 0.11796875 0.03203125
0 0.20703125 0.071875 0.096875 0.0359375
0 0.20703125 0.12265625 0.13203125 0.04765625
0 0.171875 0.17265625 0.115625 0.0421875
0 0.15859375 0.22578125 0.11015625 0.0359375
0 0.15859375 0.275 0.13671875 0.0453125
0 0.1640625 0.32265625 0.1359375 0.0421875
0 0.1609375 0.36171875 0.10234375 0.03046875
0 0.371875 0.19140625 0.05546875 0.0375
0 0.36953125 0.2328125 0.0546875 0.0265625
0 0.38984375 0.26875 0.0359375 0.02890625
0 0.390625 0.3125 0.05234375 0.028125
0 0.3890625 0.34609375 0.05703125 0.03125
0 0.39140625 0.38984375 0.05 0.0390625
0 0.47890625 0.11171875 0.12109375 0.015625
0 0.4953125 0.11953125 0.10703125 0.01484375
0 0.49296875 0.04453125 0.09140625 0.0375
0 0.81796875 0.025 0.14140625 0.0375
0 0.8125 0.08359375 0.14296875 0.0328125
0 0.825 0.13203125 0.103125 0.03203125
0 0.82578125 0.1703125 0.1453125 0.028125
0 0.828125 0.215625 0.13359375 0.03203125
0 0.76171875 0.34453125 0.04765625 0.0515625
0 0.09765625 0.534375 0.1046875 0.02890625
0 0.1109375 0.59296875 0.13046875 0.06015625
0 0.2703125 0.51953125 0.07890625 0.04140625
0 0.29765625 0.5578125 0.09921875 0.04140625
0 0.296875 0.61015625 0.07890625 0.03203125
0 0.2953125 0.6484375 0.075 0.02734375
0 0.109375 0.65234375 0.09921875 0.03203125
0 0.10859375 0.7140625 0.1 0.03671875
0 0.28671875 0.703125 0.10234375 0.03515625
0 0.42109375 0.72265625 0.08828125 0.0296875
0 0.109375 0.7765625 0.0953125 0.0328125
0 0.109375 0.821875 0.09921875 0.0296875
0 0.11015625 0.88359375 0.10546875 0.03828125
0 0.27578125 0.7625 0.10703125 0.03828125
0 0.40703125 0.7828125 0.10078125 0.0296875
0 0.26484375 0.8265625 0.084375 0.02734375
0 0.26640625 0.8859375 0.09609375 0.0328125
0 0.4125 0.83359375 0.0890625 0.025
0 0.42265625 0.88671875 0.109375 0.034375
0 0.71015625 0.6921875 0.046875 0.0609375
0 0.71015625 0.625 0.05390625 0.0546875
0 0.775 0.63359375 0.046875 0.0546875
0 0.70390625 0.5640625 0.0640625 0.0578125
0 0.6953125 0.49921875 0.05546875 0.04375
0 0.7234375 0.37890625 0.0796875 0.0265625
0 0.71171875 0.41015625 0.1078125 0.0453125
0 0.77578125 0.3890625 0.03515625 0.0375
0 0.73125 0.43671875 0.07421875 0.040625
0 0.77265625 0.4515625 0.05703125 0.0515625
0 0.796875 0.48828125 0.05703125 0.0375
0 0.7859375 0.5484375 0.0578125 0.046875
0 0.840625 0.503125 0.065625 0.04765625
0 0.834375 0.578125 0.05625 0.0359375
0 0.865625 0.52265625 0.053125 0.059375
0 0.93046875 0.49375 0.06796875 0.05
0 0.86484375 0.43671875 0.065625 0.04453125
0 0.87109375 0.3765625 0.046875 0.046875
0 0.81328125 0.403125 0.03828125 0.0578125
0 0.753125 0.90859375 0.0609375 0.05390625
0 0.75625 0.9 0.0484375 0.04375
0 0.8203125 0.884375 0.10625 0.0421875
0 0.825 0.96796875 0.10234375 0.053125
0 0.8859375 0.9140625 0.06328125 0.08203125
0 0.84375 0.9203125 0.05625 0.0875
0 0.8328125 0.915625 0.1015625 0.046875
0 0.82734375 0.89375 0.10703125 0.046875
0 0.803125 0.9359375 0.1359375 0.0421875