0 0.096875 0.60546875 0.071875 0.06796875
0 0.24296875 0.58359375 0.059375 0.09375
0 0.24453125 0.6453125 0.05703125 0.09765625
0 0.31640625 0.7265625 0.12109375 0.0375
0 0.33671875 0.7828125 0.07109375 0.03515625
0 0.3765625 0.7671875 0.05078125 0.0828125
0 0.35390625 0.82890625 0.19296875 0.078125
0 0.4703125 0.803125 0.06015625 0.0359375
0 0.4546875 0.76796875 0.08359375 0.046875
0 0.5953125 0.79375 0.08046875 0.11015625
0 0.784375 0.8078125 0.0921875 0.02734375
0 0.359375 0.709375 0.09453125 0.05078125
0 0.371875 0.659375 0.0515625 0.08984375
0 0.31171875 0.56640625 0.1125 0.05
0 0.3953125 0.5875 0.20078125 0.03984375
0 0.39765625 0.60625 0.09296875 0.0203125
0 0.43828125 0.63125 0.0984375 0.04140625
0 0.4375 0.65625 0.05390625 0.08515625
0 0.4265625 0.71015625 0.04140625 0.07890625
0 0.59296875 0.7015625 0.08984375 0.07890625
0 0.63828125 0.740625 0.07109375 0.11171875
0 0.73984375 0.75703125 0.07109375 0.0328125
0 0.72421875 0.7296875 0.09765625 0.03984375
0 0.75703125 0.69375 0.0609375 0.04375
0 0.90703125 0.63984375 0.11484375 0.08359375
0 0.74375 0.671875 0.103125 0.0359375
0 0.68359375 0.68515625 0.0375 0.05546875
0 0.6421875 0.64765625 0.06171875 0.0796875
0 0.69765625 0.63671875 0.06015625 0.046875
0 0.5046875 0.65625 0.08203125 0.0375
0 0.54765625 0.6578125 0.06015625 0.06953125
0 0.6765625 0.63984375 0.04375 0.05390625
0 0.73046875 0.596875 0.06484375 0.0546875
0 0.58828125 0.6109375 0.06015625 0.046875
0 0.6625 0.6046875 0.0796875 0.040625
0 0.59296875 0.5859375 0.0796875 0.0328125
0 0.51484375 0.5921875 0.05859375 0.0390625
0 0.29375 0.440625 0.084375 0.02890625
0 0.35859375 0.475 0.0578125 0.0546875
0 0.346875 0.5078125 0.0765625 0.07578125
0 0.4359375 0.33203125 0.05703125 0.09609375
0 0.4515625 0.375 0.09296875 0.084375
0 0.4953125 0.36484375 0.05859375 0.03515625
0 0.41328125 0.4328125 0.05703125 0.05234375
0 0.38515625 0.49375 0.0421875 0.0671875
0 0.378125 0.546875 0.05 0.0671875
0 0.421875 0.5609375 0.04609375 0.03359375
0 0.41484375 0.53203125 0.05859375 0.0390625
0 0.47578125 0.54375 0.08203125 0.05
0 0.47265625 0.52578125 0.08359375 0.0421875
0 0.4390625 0.47734375 0.08359375 0.08515625
0 0.471875 0.48125 0.0453125 0.0640625
0 0.47734375 0.44609375 0.04453125 0.0296875
0 0.5015625 0.43359375 0.08984375 0.03984375
0 0.52578125 0.41484375 0.171875 0.0265625
0 0.55703125 0.45 0.08671875 0.05
0 0.54921875 0.47265625 0.11015625 0.04921875
0 0.528125 0.51171875 0.071875 0.06015625
0 0.55625 0.54296875 0.09765625 0.01796875
0 0.58671875 0.52734375 0.0859375 0.01640625
0 0.5921875 0.55 0.11953125 0.05078125
0 0.571875 0.57109375 0.10546875 0.0390625
0 0.6078125 0.49921875 0.078125 0.03828125
0 0.64765625 0.55 0.040625 0.02890625
0 0.66015625 0.56796875 0.07109375 0.05859375
0 0.73125 0.5515625 0.0578125 0.06015625
0 0.7828125 0.54140625 0.0484375 0.04140625
0 0.68359375 0.521875 0.065625 0.03046875
0 0.69375 0.50390625 0.0796875 0.0671875
0 0.74375 0.46171875 0.040625 0.09375
0 0.784375 0.43671875 0.05625 0.05859375
0 0.746875 0.39921875 0.065625 0.03828125
0 0.65703125 0.45703125 0.04453125 0.0796875
0 0.6765625 0.44609375 0.046875 0.0625
0 0.71015625 0.44296875 0.034375 0.0546875
0 0.63046875 0.45625 0.04453125 0.07265625
0 0.6453125 0.4171875 0.06640625 0.02421875
0 0.51640625 0.39921875 0.0828125 0.01640625
0 0.57265625 0.39453125 0.04453125 0.02890625
0 0.58125 0.37578125 0.09296875 0.015625
0 0.63125 0.3921875 0.08671875 0.0234375
0 0.7265625 0.37421875 0.12734375 0.02578125
0 0.86875 0.41171875 0.0546875 0.12265625
0 0.83125 0.5078125 0.05234375 0.06171875
0 0.66953125 0.40078125 0.09765625 0.025
0 0.715625 0.40625 0.09453125 0.02109375
0 0.70546875 0.3484375 0.071875 0.04609375
0 0.796875 0.33203125 0.09609375 0.0734375
0 0.6515625 0.3609375 0.1046875 0.028125
0 0.64296875 0.35546875 0.0640625 0.01875
0 0.63359375 0.3359375 0.0859375 0.07265625
0 0.5484375 0.3359375 0.09921875 0.02578125
0 0.55546875 0.26875 0.1328125 0.04296875
0 0.56328125 0.2609375 0.0859375 0.0296875
0 0.67890625 0.234375 0.08125 0.03984375
0 0.75078125 0.23828125 0.08125 0.0734375
0 0.8296875 0.25234375 0.06171875 0.0609375
0 0.67734375 0.2921875 0.06484375 0.06015625
0 0.7390625 0.28515625 0.06328125 0.03046875
0 0.74453125 0.1453125 0.05078125 0.075