0 0.24609375 0.11640625 0.18984375 0.05234375
0 0.32265625 0.21171875 0.1640625 0.05546875
0 0.31015625 0.3015625 0.21484375 0.0765625
0 0.23984375 0.39453125 0.19296875 0.071875
0 0.203125 0.49375 0.17421875 0.0546875
0 0.1953125 0.58046875 0.24609375 0.0828125
0 0.1890625 0.67265625 0.20859375 0.0671875
0 0.178125 0.74453125 0.165625 0.0515625
0 0.60859375 0.4578125 0.05703125 0.05625
0 0.59765625 0.5296875 0.084375 0.04375
0 0.63203125 0.6078125 0.06796875 0.03984375
0 0.61640625 0.6875 0.08984375 0.04453125
0 0.609375 0.75390625 0.10078125 0.04453125
0 0.603125 0.83359375 0.08984375 0.0609375
0 0.81953125 0.32265625 0.2125 0.03828125
0 0.8578125 0.3390625 0.20625 0.03125
0 0.87109375 0.2015625 0.1625 0.07578125