0 0.3984375 0.73046875 0.11171875 0.2140625
0 0.240625 0.934375 0.06796875 0.13125
0 0.1484375 0.86953125 0.11796875 0.1203125
0 0.10703125 0.7546875 0.13046875 0.10546875
0 0.12734375 0.6828125 0.09921875 0.1171875
0 0.13671875 0.6 0.09921875 0.1421875
0 0.103125 0.45234375 0.153125 0.14296875
0 0.12734375 0.35703125 0.10078125 0.07109375
0 0.07734375 0.30703125 0.0703125 0.05078125
0 0.10390625 0.23359375 0.07265625 0.19453125
0 0.0609375 0.1828125 0.075 0.14375
0 0.14296875 0.2375 0.07734375 0.21171875
0 0.16171875 0.35390625 0.03828125 0.0609375
0 0.184375 0.60078125 0.07265625 0.0875
0 0.225 0.6640625 0.121875 0.13359375
0 0.19140625 0.7265625 0.06796875 0.0921875
0 0.228125 0.80234375 0.040625 0.13203125
0 0.278125 0.8078125 0.05859375 0.1265625
0 0.51953125 0.78515625 0.17890625 0.06328125
0 0.2765625 0.51953125 0.14921875 0.321875
0 0.1984375 0.42109375 0.06171875 0.1375
0 0.184375 0.5328125 0.08984375 0.10234375
0 0.2734375 0.66640625 0.08203125 0.15703125
0 0.33515625 0.58984375 0.08359375 0.13125
0 0.4203125 0.52109375 0.065625 0.1140625
0 0.3671875 0.4015625 0.10625 0.10703125
0 0.33671875 0.48359375 0.0671875 0.0796875
0 0.240625 0.33359375 0.09765625 0.1015625
0 0.24140625 0.29609375 0.0890625 0.1265625
0 0.1953125 0.2765625 0.04765625 0.1203125
0 0.1453125 0.184375 0.07421875 0.16875
0 0.16953125 0.03671875 0.04140625 0.0734375
0 0.22421875 0.03125 0.0515625 0.0625
0 0.24453125 0.109375 0.0546875 0.11953125
0 0.24296875 0.01484375 0.04609375 0.02890625
0 0.271875 0.07890625 0.04609375 0.13671875
0 0.30546875 0.08046875 0.0703125 0.1609375
0 0.3765625 0.1265625 0.09140625 0.1015625
0 0.425 0.0515625 0.0703125 0.065625
0 0.4671875 0.140625 0.1421875 0.21171875
0 0.5875 0.05859375 0.07890625 0.11640625
0 0.56953125 0.20546875 0.065625 0.18203125
0 0.48125 0.3171875 0.05234375 0.159375
0 0.4421875 0.3109375 0.046875 0.203125
0 0.3859375 0.32421875 0.06171875 0.09921875
0 0.5703125 0.4765625 0.075 0.18515625
0 0.4875 0.66328125 0.0625 0.12265625
0 0.64921875 0.60234375 0.0703125 0.134375
0 0.67578125 0.690625 0.1171875 0.10859375
0 0.63046875 0.83203125 0.04609375 0.1359375
0 0.70390625 0.79375 0.0796875 0.0921875
0 0.51796875 0.84375 0.12890625 0.078125
0 0.5953125 0.6 0.05 0.04453125
0 0.54296875 0.66796875 0.0796875 0.11640625
0 0.52890625 0.3859375 0.090625 0.0953125
0 0.5390625 0.315625 0.0921875 0.11953125
0 0.6203125 0.3984375 0.06015625 0.12734375
0 0.60390625 0.459375 0.0703125 0.0421875
0 0.6828125 0.41328125 0.0734375 0.11484375
0 0.75390625 0.3375 0.05234375 0.1328125
0 0.69453125 0.3078125 0.084375 0.11015625
0 0.63046875 0.27734375 0.04609375 0.1140625
0 0.6359375 0.06328125 0.06015625 0.1265625
0 0.62890625 0.14375 0.084375 0.06171875
0 0.6171875 0.21640625 0.04140625 0.1171875
0 0.67421875 0.175 0.0953125 0.1234375
0 0.7640625 0.11484375 0.046875 0.1984375
0 0.8 0.07265625 0.0625 0.1453125
0 0.865625 0.10859375 0.078125 0.14453125
0 0.9078125 0.10546875 0.084375 0.203125
0 0.98828125 0.1734375 0.02265625 0.0734375
0 0.89375 0.2484375 0.05 0.1234375
0 0.8453125 0.28125 0.07109375 0.13046875
0 0.796875 0.2171875 0.07734375 0.12109375
0 0.9625 0.35 0.06171875 0.13359375
0 0.953125 0.24140625 0.09375 0.0734375
0 0.7453125 0.50390625 0.14375 0.13203125
0 0.71875 0.58984375 0.0984375 0.096875
0 0.88984375 0.56328125 0.06796875 0.12265625
0 0.925 0.60859375 0.13359375 0.1859375
0 0.95 0.4890625 0.09921875 0.096875
0 0.9015625 0.46484375 0.09921875 0.0890625
0 0.96953125 0.4109375 0.05 0.071875
0 0.84453125 0.4625 0.1109375 0.12578125
0 0.12421875 0.0546875 0.09765625 0.10703125
0 0.2578125 0.2046875 0.1265625 0.1015625
0 0.203125 0.08671875 0.08046875 0.115625
0 0.3625 0.85 0.10625 0.109375
0 0.38203125 0.9375 0.03515625 0.05703125
0 0.31640625 0.23515625 0.0515625 0.09140625
0 0.75703125 0.675 0.203125 0.1296875
0 0.77578125 0.71484375 0.16640625 0.0671875
0 0.3078125 0.79296875 0.05234375 0.09765625
0 0.38203125 0.6640625 0.04140625 0.05859375
0 0.60078125 0.503125 0.08125 0.0703125
0 0.653125 0.496875 0.03125 0.05546875
0 0.80078125 0.40859375 0.034375 0.0546875
0 0.89765625 0.05859375 0.046875 0.10078125
0 0.7328125 0.16171875 0.04609375 0.10234375
0 0.96015625 0.0828125 0.05234375 0.065625
0 0.8359375 0.59296875 0.084375 0.078125
0 0.81171875 0.54375 0.04375 0.04140625
0 0.765625 0.28359375 0.08359375 0.08125
0 0.690625 0.046875 0.0453125 0.08515625