0 0.21640625 0.97109375 0.034375 0.0578125
0 0.25546875 0.95078125 0.065625 0.0984375
0 0.24296875 0.83828125 0.0875 0.084375
0 0.259375 0.7421875 0.09375 0.0609375
0 0.11015625 0.86796875 0.134375 0.059375
0 0.08828125 0.80390625 0.0875 0.059375
0 0.03359375 0.75078125 0.0671875 0.0890625
0 0.01484375 0.6140625 0.0296875 0.1421875
0 0.0140625 0.55390625 0.028125 0.0546875
0 0.04375 0.48046875 0.084375 0.071875
0 0.11015625 0.35390625 0.0703125 0.159375
0 0.06484375 0.3140625 0.0546875 0.071875
0 0.11953125 0.590625 0.0515625 0.06875
0 0.13203125 0.52421875 0.065625 0.090625
0 0.14921875 0.6921875 0.103125 0.109375
0 0.17578125 0.615625 0.0546875 0.0625
0 0.26484375 0.659375 0.1140625 0.10625
0 0.22734375 0.54375 0.0875 0.0578125
0 0.21484375 0.51171875 0.1125 0.08125
0 0.29765625 0.57265625 0.0671875 0.109375
0 0.284375 0.503125 0.0625 0.109375
0 0.2609375 0.465625 0.065625 0.0765625
0 0.21328125 0.39765625 0.071875 0.084375
0 0.2140625 0.321875 0.0453125 0.1015625
0 0.21484375 0.2046875 0.146875 0.1046875
0 0.32109375 0.1890625 0.040625 0.08125
0 0.31875 0.290625 0.103125 0.08125
0 0.25625 0.359375 0.046875 0.090625
0 0.3078125 0.43828125 0.059375 0.128125
0 0.3890625 0.2484375 0.075 0.0984375
0 0.40859375 0.21953125 0.125 0.13125
0 0.45546875 0.340625 0.059375 0.1078125
0 0.37578125 0.4359375 0.0984375 0.0984375
0 0.37578125 0.47890625 0.09375 0.0921875
0 0.40546875 0.5265625 0.053125 0.075
0 0.3640625 0.61328125 0.0515625 0.1203125
0 0.4015625 0.6796875 0.0421875 0.228125
0 0.36953125 0.8796875 0.09375 0.14375
0 0.36796875 0.8046875 0.071875 0.1
0 0.3734375 0.7078125 0.05 0.059375
0 0.4328125 0.8859375 0.09375 0.0515625
0 0.42890625 0.99140625 0.0796875 0.0171875
0 0.56015625 0.96484375 0.06875 0.0703125
0 0.4625 0.9484375 0.115625 0.103125
0 0.5375 0.88359375 0.09375 0.0625
0 0.53359375 0.92109375 0.06875 0.0765625
0 0.446875 0.68828125 0.06875 0.109375
0 0.475 0.54609375 0.05625 0.0875
0 0.44296875 0.465625 0.040625 0.05625
0 0.465625 0.4546875 0.0734375 0.10625
0 0.521875 0.2890625 0.0328125 0.11875
0 0.49453125 0.0796875 0.0625 0.134375
0 0.43125 0.0484375 0.06875 0.059375
0 0.55859375 0.47578125 0.08125 0.05625
0 0.571875 0.41015625 0.0640625 0.0703125
0 0.578125 0.29609375 0.0875 0.0875
0 0.5078125 0.7765625 0.04375 0.0671875
0 0.57890625 0.571875 0.103125 0.08125
0 0.625 0.5484375 0.05625 0.1109375
0 0.6578125 0.53203125 0.0765625 0.0921875
0 0.6671875 0.3375 0.090625 0.140625
0 0.69140625 0.3390625 0.053125 0.090625
0 0.7203125 0.35234375 0.0359375 0.1984375
0 0.6671875 0.11953125 0.0375 0.146875
0 0.64140625 0.065625 0.05625 0.1
0 0.56171875 0.015625 0.0734375 0.03125
0 0.61171875 0.978125 0.0515625 0.04375
0 0.76015625 0.97578125 0.1296875 0.0484375
0 0.84921875 0.93671875 0.121875 0.125
0 0.8046875 0.94140625 0.084375 0.109375
0 0.76796875 0.953125 0.1234375 0.09375
0 0.80390625 0.825 0.078125 0.0953125
0 0.69375 0.87109375 0.075 0.059375
0 0.928125 0.9015625 0.1 0.109375
0 0.9640625 0.709375 0.071875 0.2625
0 0.94609375 0.6953125 0.075 0.165625
0 0.953125 0.5265625 0.09375 0.0625
0 0.96640625 0.47578125 0.0671875 0.06875
0 0.93203125 0.415625 0.075 0.096875
0 0.9421875 0.3640625 0.115625 0.109375
0 0.85625 0.1984375 0.0546875 0.2125
0 0.7890625 0.2 0.09375 0.196875
0 0.70859375 0.121875 0.078125 0.0625
0 0.84375 0.44140625 0.121875 0.1203125
0 0.84765625 0.490625 0.1078125 0.078125
0 0.90234375 0.5703125 0.0625 0.059375
0 0.84375 0.54609375 0.084375 0.128125
0 0.79921875 0.5375 0.096875 0.1375
0 0.7765625 0.56171875 0.08125 0.11875
0 0.70234375 0.675 0.103125 0.0859375
0 0.6640625 0.7078125 0.084375 0.0375
0 0.61328125 0.73046875 0.0625 0.128125
0 0.63203125 0.821875 0.1328125 0.0515625
0 0.6421875 0.83515625 0.090625 0.0515625
0 0.64609375 0.86640625 0.0515625 0.0546875
0 0.7109375 0.775 0.071875 0.115625