0 0.2 0.14609375 0.1796875 0.0703125
0 0.203125 0.23515625 0.1609375 0.05
0 0.1953125 0.32578125 0.16875 0.05703125
0 0.1578125 0.428125 0.15546875 0.05390625
0 0.375 0.575 0.15234375 0.046875
0 0.36640625 0.64921875 0.15859375 0.05546875
0 0.359375 0.74921875 0.18984375 0.06953125
0 0.39609375 0.82265625 0.1546875 0.07265625
0 0.74296875 0.8203125 0.21640625 0.05234375
0 0.721875 0.70078125 0.26796875 0.10078125
0 0.73203125 0.58984375 0.184375 0.06015625
0 0.740625 0.47265625 0.196875 0.06640625
0 0.7390625 0.35546875 0.19453125 0.0703125
0 0.75078125 0.271875 0.18359375 0.05546875
0 0.7578125 0.16328125 0.2 0.06953125
0 0.4671875 0.15546875 0.18125 0.0671875
0 0.45703125 0.25390625 0.16875 0.065625
0 0.4296875 0.371875 0.18984375 0.0734375
0 0.40234375 0.4765625 0.184375 0.065625