0 0.228125 0.14921875 0.215625 0.05
0 0.565625 0.14296875 0.1625 0.06953125
0 0.61015625 0.2140625 0.19140625 0.06328125
0 0.2375 0.26640625 0.26328125 0.11328125
0 0.21875 0.37578125 0.1875 0.04921875
0 0.58984375 0.31328125 0.15 0.04921875
0 0.58359375 0.3921875 0.146875 0.05078125
0 0.2046875 0.496875 0.1921875 0.06328125
0 0.5609375 0.49296875 0.18515625 0.0640625
0 0.81484375 0.54921875 0.15859375 0.0546875
0 0.5265625 0.60625 0.19765625 0.06640625
0 0.19765625 0.6125 0.1828125 0.05859375
0 0.19296875 0.70703125 0.17734375 0.04765625
0 0.4953125 0.728125 0.16328125 0.0515625
0 0.7703125 0.6578125 0.17421875 0.04765625
0 0.77265625 0.75390625 0.16953125 0.0453125
0 0.77109375 0.8515625 0.190625 0.0671875
0 0.48671875 0.84140625 0.18046875 0.0546875
0 0.18984375 0.82265625 0.19765625 0.0578125