0 0.628125 0.2140625 0.14453125 0.1734375
0 0.42890625 0.39140625 0.11796875 0.15703125
0 0.62734375 0.41640625 0.1453125 0.16484375
0 0.625 0.6046875 0.15703125 0.175
0 0.65703125 0.81953125 0.13125 0.10546875
0 0.22578125 0.56015625 0.15078125 0.11328125
0 0.3609375 0.65703125 0.17890625 0.128125
0 0.11640625 0.7328125 0.153125 0.16796875
0 0.178125 0.790625 0.18359375 0.146875
0 0.32578125 0.84140625 0.15078125 0.0984375
0 0.39765625 0.94140625 0.16875 0.11640625
0 0.1234375 0.96640625 0.159375 0.06640625
0 0.54921875 0.98046875 0.2125 0.0390625