0 0.23984375 0.7109375 0.14921875 0.11640625
0 0.84453125 0.8984375 0.18671875 0.0953125
0 0.40703125 0.75546875 0.11796875 0.12734375
0 0.0796875 0.465625 0.11640625 0.09296875
0 0.10078125 0.36171875 0.1 0.0984375
0 0.14921875 0.21796875 0.15859375 0.0703125
0 0.22109375 0.27890625 0.115625 0.05234375
0 0.29375 0.2515625 0.12578125 0.125
0 0.27265625 0.39453125 0.1875 0.1234375
0 0.24296875 0.59375 0.128125 0.1453125
0 0.1125 0.72890625 0.1125 0.0671875
0 0.19296875 0.91953125 0.1953125 0.05703125
0 0.503125 0.9484375 0.178125 0.09609375
0 0.85390625 0.3171875 0.1875 0.1796875
0 0.3703125 0.15625 0.17109375 0.20078125
0 0.4625 0.1828125 0.08125 0.0828125
0 0.5859375 0.27109375 0.1 0.07109375
0 0.5140625 0.3265625 0.08671875 0.084375
0 0.72890625 0.48125 0.1 0.1125
0 0.7703125 0.69140625 0.1921875 0.10703125
0 0.66484375 0.6890625 0.334375 0.15078125
0 0.45390625 0.65859375 0.1078125 0.1203125
0 0.39609375 0.55390625 0.1296875 0.26484375
0 0.54921875 0.440625 0.18359375 0.1203125
0 0.6234375 0.44453125 0.1578125 0.10703125
0 0.54296875 0.4875 0.1125 0.096875
0 0.46796875 0.58515625 0.146875 0.04296875
0 0.415625 0.64453125 0.10234375 0.06953125
0 0.3828125 0.390625 0.1796875 0.14453125
0 0.38125 0.40390625 0.08359375 0.06796875
0 0.2828125 0.14296875 0.10390625 0.10234375
0 0.12421875 0.1203125 0.2484375 0.115625
0 0.1640625 0.0453125 0.14921875 0.07421875
0 0.78359375 0.0671875 0.39765625 0.13203125
0 0.940625 0.20234375 0.11875 0.08984375
0 0.0390625 0.8609375 0.078125 0.0296875
0 0.05078125 0.92265625 0.1015625 0.0609375
0 0.39140625 0.984375 0.08046875 0.03125
0 0.2953125 0.98203125 0.07109375 0.03515625
0 0.2171875 0.9890625 0.053125 0.021875
0 0.85234375 0.98671875 0.04609375 0.02578125
0 0.82109375 0.51015625 0.12109375 0.06875
0 0.73359375 0.10078125 0.1828125 0.05625
0 0.925 0.065625 0.11640625 0.0890625
0 0.37421875 0.015625 0.075 0.03125
0 0.1359375 0.1203125 0.190625 0.09375
0 0.07421875 0.02578125 0.0796875 0.0515625
0 0.1484375 0.015625 0.1125 0.03125
0 0.53671875 0.52265625 0.10546875 0.06484375
0 0.61875 0.50859375 0.15703125 0.15
0 0.04453125 0.2953125 0.0890625 0.0703125
0 0.93203125 0.14375 0.13515625 0.059375