0 0.184375 0.05859375 0.09765625 0.11640625
0 0.24296875 0.06015625 0.1109375 0.1203125
0 0.35390625 0.1015625 0.0625 0.03984375
0 0.3875 0.0703125 0.11484375 0.09296875
0 0.484375 0.084375 0.16171875 0.146875
0 0.50390625 0.1546875 0.13828125 0.146875
0 0.446875 0.13671875 0.1140625 0.08984375
0 0.3875 0.16796875 0.0703125 0.08984375
0 0.2796875 0.1265625 0.13359375 0.0546875
0 0.33671875 0.20859375 0.1203125 0.13828125
0 0.2765625 0.178125 0.10703125 0.1109375
0 0.20859375 0.18203125 0.10078125 0.09375
0 0.14375 0.12421875 0.16171875 0.04296875
0 0.11953125 0.11796875 0.0921875 0.0578125
0 0.12265625 0.1703125 0.06484375 0.08515625
0 0.08046875 0.178125 0.07265625 0.10078125
0 0.19375 0.2390625 0.075 0.10078125
0 0.0421875 0.27734375 0.084375 0.0828125
0 0.065625 0.36015625 0.13125 0.11484375
0 0.13203125 0.37890625 0.06953125 0.09765625
0 0.1546875 0.3546875 0.13828125 0.171875
0 0.02421875 0.57890625 0.0484375 0.096875
0 0.0921875 0.553125 0.10625 0.18125
0 0.09140625 0.671875 0.13125 0.10625
0 0.03125 0.71796875 0.0625 0.05234375
0 0.03828125 0.803125 0.0765625 0.0796875
0 0.03671875 0.92109375 0.07265625 0.0234375
0 0.065625 0.88984375 0.10625 0.0953125
0 0.01875 0.9859375 0.0375 0.028125
0 0.0484375 0.98125 0.04296875 0.03671875
0 0.15078125 0.9484375 0.16015625 0.103125
0 0.14375 0.97421875 0.05625 0.0515625
0 0.090625 0.93515625 0.15625 0.0609375
0 0.25703125 0.925 0.15 0.0703125
0 0.196875 0.96796875 0.059375 0.0421875
0 0.3046875 0.99375 0.06796875 0.01171875
0 0.2125 0.98984375 0.11484375 0.0203125
0 0.32265625 0.96796875 0.14296875 0.06171875
0 0.24140625 0.86796875 0.34140625 0.13984375
0 0.190625 0.8375 0.14296875 0.03984375
0 0.084375 0.79921875 0.040625 0.13125
0 0.1828125 0.78984375 0.2484375 0.08046875
0 0.271875 0.7359375 0.1703125 0.0484375
0 0.20078125 0.69765625 0.234375 0.17109375
0 0.303125 0.66796875 0.13046875 0.11171875
0 0.3140625 0.6296875 0.06953125 0.1640625
0 0.2625 0.59375 0.12734375 0.06875
0 0.21640625 0.653125 0.08515625 0.0546875
0 0.20546875 0.60703125 0.0859375 0.1171875
0 0.16640625 0.59375 0.06796875 0.1203125
0 0.10546875 0.6515625 0.1359375 0.1421875
0 0.16875 0.703125 0.07734375 0.0671875
0 0.39375 0.9078125 0.07421875 0.10859375
0 0.34921875 0.8671875 0.10703125 0.053125
0 0.33046875 0.76015625 0.14375 0.18046875
0 0.3609375 0.725 0.07734375 0.1109375
0 0.43203125 0.7203125 0.10703125 0.04765625
0 0.421875 0.83984375 0.0875 0.221875
0 0.459375 0.9546875 0.05546875 0.0703125
0 0.41484375 0.94296875 0.0703125 0.1140625
0 0.48671875 0.87890625 0.04296875 0.090625
0 0.55546875 0.85546875 0.1 0.115625
0 0.50625 0.95390625 0.0703125 0.0921875
0 0.60078125 0.9265625 0.13359375 0.04296875
0 0.52578125 0.96484375 0.0359375 0.0703125
0 0.56796875 0.96484375 0.0671875 0.0703125
0 0.68125 0.953125 0.18671875 0.040625
0 0.65 0.953125 0.0796875 0.065625
0 0.64375 0.9859375 0.09375 0.028125
0 0.54296875 0.74296875 0.2453125 0.0875
0 0.57734375 0.7734375 0.1671875 0.10078125
0 0.4265625 0.63203125 0.0828125 0.059375
0 0.3671875 0.57265625 0.11875 0.12109375
0 0.303125 0.53515625 0.16015625 0.02421875
0 0.1890625 0.4875 0.13046875 0.096875
0 0.296875 0.48671875 0.05234375 0.06875
0 0.34296875 0.5109375 0.1015625 0.11875
0 0.35546875 0.51953125 0.0609375 0.0375
0 0.35390625 0.48984375 0.046875 0.04765625
0 0.33203125 0.46953125 0.08046875 0.05078125
0 0.234375 0.42265625 0.0703125 0.13984375
0 0.2546875 0.384375 0.03515625 0.13125
0 0.27734375 0.38828125 0.05703125 0.153125
0 0.2546875 0.28671875 0.09765625 0.12421875
0 0.32109375 0.346875 0.065625 0.18984375
0 0.37265625 0.4234375 0.0765625 0.08984375
0 0.43984375 0.44921875 0.10703125 0.0890625
0 0.421875 0.4984375 0.1 0.04375
0 0.43671875 0.53828125 0.159375 0.1640625
0 0.39765625 0.2859375 0.14765625 0.09453125
0 0.38203125 0.1859375 0.1203125 0.13671875
0 0.45703125 0.22890625 0.10859375 0.1140625
0 0.46796875 0.309375 0.28203125 0.1296875
0 0.58125 0.19609375 0.175 0.12578125
0 0.45703125 0.365625 0.159375 0.03359375
0 0.4703125 0.39375 0.16640625 0.03828125
0 0.5296875 0.42578125 0.075 0.05703125
0 0.52265625 0.4828125 0.0703125 0.06015625
0 0.58125 0.4734375 0.1265625 0.0765625
0 0.5796875 0.5203125 0.10234375 0.0375
0 0.525 0.52890625 0.12109375 0.08046875
0 0.5328125 0.56796875 0.10546875 0.06640625
0 0.53359375 0.6109375 0.09375 0.10234375
0 0.5734375 0.6125 0.03828125 0.0671875
0 0.50234375 0.6703125 0.171875 0.065625
0 0.56171875 0.69296875 0.19765625 0.04765625
0 0.70546875 0.92890625 0.0578125 0.04453125
0 0.7015625 0.87421875 0.20078125 0.09375
0 0.71640625 0.80625 0.0890625 0.05859375
0 0.740625 0.96015625 0.12265625 0.0640625
0 0.76171875 0.96875 0.1484375 0.06171875
0 0.84921875 0.9765625 0.0953125 0.046875
0 0.93671875 0.97421875 0.0640625 0.05078125
0 0.92890625 0.934375 0.1421875 0.06875
0 0.90546875 0.9609375 0.14765625 0.06875
0 0.94453125 0.9140625 0.1109375 0.0453125
0 0.96015625 0.85625 0.0796875 0.09765625
0 0.91875 0.8546875 0.1625 0.10234375
0 0.8796875 0.8625 0.08828125 0.07734375
0 0.803125 0.89453125 0.07734375 0.08828125
0 0.7859375 0.80234375 0.15546875 0.153125
0 0.88515625 0.7828125 0.125 0.04609375
0 0.91484375 0.75390625 0.15234375 0.0328125
0 0.94609375 0.7796875 0.10703125 0.06796875
0 0.68828125 0.76328125 0.11171875 0.084375
0 0.68984375 0.70546875 0.10390625 0.10234375
0 0.66328125 0.678125 0.115625 0.0578125
0 0.78984375 0.69765625 0.13125 0.10546875
0 0.8625 0.715625 0.221875 0.0765625
0 0.91875 0.671875 0.1265625 0.05078125
0 0.90234375 0.6265625 0.1703125 0.06015625
0 0.9828125 0.725 0.034375 0.075
0 0.97734375 0.609375 0.04453125 0.20546875
0 0.91171875 0.5609375 0.090625 0.09140625
0 0.86796875 0.56328125 0.11953125 0.134375
0 0.859375 0.528125 0.06484375 0.0828125
0 0.81015625 0.559375 0.10390625 0.178125
0 0.74765625 0.590625 0.12890625 0.1421875
0 0.69296875 0.61328125 0.05625 0.05078125
0 0.64296875 0.62265625 0.1296875 0.1296875
0 0.6484375 0.56171875 0.0796875 0.10703125
0 0.7 0.53671875 0.08359375 0.09765625
0 0.76796875 0.50625 0.08984375 0.07578125
0 0.62109375 0.46953125 0.125 0.06015625
0 0.77734375 0.46015625 0.09140625 0.06015625
0 0.88828125 0.40625 0.14375 0.14140625
0 0.92734375 0.45859375 0.07578125 0.14453125
0 0.9453125 0.4421875 0.07421875 0.10234375
0 0.903125 0.33359375 0.19375 0.0765625
0 0.903125 0.33203125 0.0703125 0.03671875
0 0.9328125 0.29765625 0.134375 0.0671875
0 0.8109375 0.309375 0.078125 0.0515625
0 0.85859375 0.27421875 0.15546875 0.0359375
0 0.890625 0.25 0.13828125 0.05234375
0 0.75390625 0.32890625 0.134375 0.2046875
0 0.73984375 0.4203125 0.2296875 0.13359375
0 0.60703125 0.40859375 0.1015625 0.13671875
0 0.6390625 0.38984375 0.08359375 0.11875
0 0.66171875 0.3265625 0.0609375 0.128125
0 0.6328125 0.25 0.0515625 0.0453125
0 0.54921875 0.315625 0.1203125 0.10234375
0 0.68359375 0.20546875 0.1296875 0.08203125
0 0.63046875 0.1796875 0.05 0.03671875
0 0.66953125 0.1375 0.2078125 0.084375
0 0.7421875 0.15 0.115625 0.0625
0 0.80859375 0.1609375 0.0953125 0.12734375
0 0.91171875 0.1796875 0.1765625 0.0453125
0 0.90625 0.23203125 0.1875 0.05546875
0 0.94765625 0.15859375 0.08203125 0.040625
0 0.9234375 0.1234375 0.0765625 0.053125
0 0.94609375 0.0734375 0.09296875 0.146875
0 0.96171875 0.08125 0.07578125 0.1625
0 0.9828125 0.02109375 0.034375 0.0421875
0 0.86328125 0.0296875 0.1078125 0.059375
0 0.8609375 0.115625 0.06171875 0.10234375
0 0.75859375 0.0875 0.196875 0.0828125
0 0.69921875 0.04140625 0.12109375 0.06953125
0 0.60625 0.05390625 0.13828125 0.096875
0 0.54296875 0.07890625 0.184375 0.12578125
0 0.5171875 0.01484375 0.1359375 0.0296875