0 0.8625 0.00546875 0.175 0.0109375
0 0.8921875 0.03828125 0.184375 0.0765625
0 0.85625 0.121875 0.0875 0.1203125
0 0.9171875 0.153125 0.1640625 0.128125
0 0.95078125 0.215625 0.084375 0.065625
0 0.9859375 0.28203125 0.028125 0.153125
0 0.9109375 0.35546875 0.103125 0.0703125
0 0.86953125 0.296875 0.153125 0.1140625
0 0.7796875 0.36640625 0.0484375 0.1765625
0 0.834375 0.39609375 0.084375 0.1
0 0.615625 0.4484375 0.2515625 0.0546875
0 0.63984375 0.35703125 0.2625 0.134375
0 0.63984375 0.334375 0.096875 0.05625
0 0.75625 0.15859375 0.1234375 0.25
0 0.6828125 0.134375 0.04375 0.140625
0 0.640625 0.18671875 0.090625 0.125
0 0.478125 0.18828125 0.290625 0.209375
0 0.53984375 0.22421875 0.153125 0.0828125
0 0.45 0.26171875 0.1390625 0.05
0 0.34453125 0.4 0.0875 0.1625
0 0.83984375 0.484375 0.221875 0.05
0 0.84921875 0.54375 0.3015625 0.0875
0 0.97890625 0.7578125 0.040625 0.1125
0 0.87890625 0.71484375 0.146875 0.1109375
0 0.759375 0.7328125 0.215625 0.059375
0 0.5875 0.6875 0.1515625 0.06875
0 0.89140625 0.9640625 0.1796875 0.071875
0 0.7046875 0.978125 0.1734375 0.04375
0 0.5703125 0.95546875 0.159375 0.0890625
0 0.475 0.92109375 0.0875 0.0578125
0 0.46953125 0.8515625 0.16875 0.1046875
0 0.709375 0.8328125 0.1625 0.075
0 0.56484375 0.6359375 0.178125 0.1234375
0 0.5109375 0.621875 0.259375 0.2046875
0 0.59375 0.01640625 0.11875 0.03125
0 0.4796875 0.0359375 0.2390625 0.071875
0 0.321875 0.05078125 0.1875 0.1015625
0 0.346875 0.08515625 0.2453125 0.040625
0 0.21796875 0.046875 0.1015625 0.09375
0 0.02890625 0.02109375 0.05625 0.040625
0 0.1625 0.11953125 0.1765625 0.103125
0 0.3015625 0.1984375 0.1453125 0.146875
0 0.1265625 0.21640625 0.16875 0.11875
0 0.0109375 0.26875 0.021875 0.1359375
0 0.0484375 0.38671875 0.096875 0.046875
0 0.296875 0.578125 0.090625 0.146875
0 0.271875 0.64453125 0.1421875 0.146875
0 0.12734375 0.52421875 0.0640625 0.171875
0 0.03515625 0.47265625 0.0703125 0.078125
0 0.02421875 0.54765625 0.046875 0.1015625
0 0.09296875 0.6828125 0.1859375 0.1734375
0 0.3359375 0.88515625 0.078125 0.115625
0 0.25390625 0.95625 0.1703125 0.05625
0 0.24296875 0.85859375 0.11875 0.1671875
0 0.37109375 0.82421875 0.125 0.059375
0 0.10625 0.95 0.103125 0.1
0 0.034375 0.96328125 0.06875 0.0734375
0 0.0125 0.87578125 0.025 0.0390625
0 0.0828125 0.834375 0.115625 0.090625
0 0.02734375 0.740625 0.0546875 0.109375
0 0.440625 0.55859375 0.11875 0.08125
0 0.49140625 0.30078125 0.1 0.06875
0 0.5859375 0.28515625 0.09375 0.0609375
0 0.734375 0.653125 0.078125 0.05625
0 0.81015625 0.6703125 0.215625 0.11875
0 0.9390625 0.6078125 0.109375 0.05625
0 0.08125 0.31875 0.1125 0.06875
0 0.44375 0.9609375 0.096875 0.078125
0 0.68046875 0.9328125 0.121875 0.0890625
0 0.0390625 0.7921875 0.078125 0.1203125
0 0.55078125 0.74453125 0.0875 0.053125
0 0.51171875 0.346875 0.14375 0.059375
0 0.4234375 0.3328125 0.04375 0.05