0 0.32265625 0.10078125 0.12109375 0.04140625
0 0.321875 0.17421875 0.05859375 0.03515625
0 0.3171875 0.22734375 0.0984375 0.034375
0 0.29921875 0.290625 0.09296875 0.028125
0 0.29609375 0.34609375 0.1109375 0.034375
0 0.309375 0.41328125 0.11875 0.05234375
0 0.51640625 0.0640625 0.12578125 0.040625
0 0.29140625 0.47578125 0.1140625 0.0390625
0 0.4359375 0.503125 0.07421875 0.02265625
0 0.52421875 0.553125 0.10703125 0.01953125
0 0.27890625 0.54375 0.1359375 0.0328125
0 0.28359375 0.5953125 0.13125 0.028125
0 0.26484375 0.63984375 0.08984375 0.03203125
0 0.2734375 0.69921875 0.0984375 0.05078125
0 0.509375 0.159375 0.1265625 0.04296875
0 0.725 0.06640625 0.09296875 0.0390625
0 0.87109375 0.07265625 0.1 0.04921875
0 0.88046875 0.13828125 0.1296875 0.040625
0 0.68359375 0.15 0.14296875 0.03125
0 0.67265625 0.20390625 0.128125 0.03828125
0 0.85390625 0.2046875 0.11640625 0.03046875
0 0.50859375 0.2078125 0.08828125 0.028125
0 0.4921875 0.26640625 0.07734375 0.03046875
0 0.48984375 0.33203125 0.0984375 0.0328125
0 0.2671875 0.79609375 0.15078125 0.0375
0 0.4109375 0.878125 0.1359375 0.0421875
0 0.42890625 0.803125 0.0984375 0.03359375
0 0.44140625 0.73984375 0.14453125 0.0421875
0 0.43984375 0.6703125 0.125 0.03046875
0 0.4578125 0.61171875 0.1015625 0.028125
0 0.5375 0.5671875 0.05078125 0.01953125
0 0.6328125 0.5890625 0.034375 0.02265625
0 0.62578125 0.49375 0.08203125 0.02890625
0 0.6109375 0.6546875 0.1015625 0.0421875
0 0.628125 0.7015625 0.04609375 0.0234375
0 0.6125 0.74375 0.0921875 0.02109375
0 0.609375 0.8015625 0.09453125 0.0296875
0 0.62109375 0.8734375 0.10703125 0.03828125
0 0.7546875 0.86953125 0.10078125 0.04609375
0 0.7734375 0.82890625 0.09296875 0.02265625
0 0.8015625 0.7671875 0.115625 0.02578125
0 0.81015625 0.6984375 0.096875 0.0390625
0 0.7890625 0.628125 0.08515625 0.03828125
0 0.81640625 0.565625 0.1234375 0.028125
0 0.81953125 0.48046875 0.11015625 0.0375
0 0.6390625 0.440625 0.09921875 0.0265625
0 0.81953125 0.40625 0.13203125 0.028125
0 0.471875 0.403125 0.10625 0.034375
0 0.65703125 0.37109375 0.1171875 0.0234375
0 0.6625 0.3140625 0.0890625 0.02265625
0 0.69609375 0.26484375 0.04453125 0.028125
0 0.8578125 0.275 0.12578125 0.03515625
0 0.8515625 0.33359375 0.09453125 0.03125
0 0.47890625 0.4515625 0.0984375 0.03359375