0 0.01015625 0.31015625 0.0203125 0.2
0 0.259375 0.940625 0.04375 0.075
0 0.19921875 0.940625 0.0375 0.078125
0 0.146875 0.94453125 0.034375 0.0734375
0 0.08671875 0.94375 0.034375 0.053125
0 0.03125 0.9671875 0.034375 0.065625
0 0.940625 0.88671875 0.05625 0.1515625
0 0.86953125 0.89765625 0.034375 0.1140625
0 0.80078125 0.91015625 0.04375 0.14375
0 0.72421875 0.8875 0.040625 0.13125
0 0.95625 0.26015625 0.0875 0.1015625
0 0.93125 0.34609375 0.059375 0.146875
0 0.9484375 0.33671875 0.0625 0.15
0 0.9640625 0.4328125 0.071875 0.078125
0 0.965625 0.2859375 0.06875 0.075
0 0.96484375 0.309375 0.06875 0.06875
0 0.9546875 0.42734375 0.053125 0.059375