0 0.240625 0.128125 0.046875 0.0546875
0 0.08828125 0.21796875 0.0375 0.053125
0 0.11953125 0.29765625 0.040625 0.0453125
0 0.12578125 0.35390625 0.053125 0.0515625
0 0.1578125 0.3921875 0.028125 0.040625
0 0.0203125 0.6921875 0.040625 0.109375
0 0.05 0.6203125 0.05 0.115625
0 0.07265625 0.6703125 0.0640625 0.0625
0 0.0734375 0.659375 0.04375 0.0328125
0 0.1046875 0.67265625 0.06875 0.04375
0 0.10390625 0.65 0.040625 0.046875
0 0.0890625 0.60234375 0.0765625 0.040625
0 0.08828125 0.58046875 0.0375 0.0328125
0 0.09453125 0.56328125 0.0421875 0.0296875
0 0.09609375 0.5546875 0.03125 0.021875
0 0.08515625 0.54296875 0.034375 0.04375
0 0.096875 0.515625 0.021875 0.059375
0 0.1125 0.52734375 0.028125 0.0828125
0 0.11875 0.51796875 0.025 0.046875
0 0.11953125 0.60859375 0.021875 0.0953125
0 0.13125 0.62109375 0.01875 0.071875
0 0.1328125 0.5953125 0.0203125 0.059375
0 0.13671875 0.5421875 0.025 0.06875
0 0.140625 0.475 0.028125 0.046875
0 0.1125 0.4671875 0.0546875 0.025
0 0.1328125 0.44921875 0.0671875 0.0453125
0 0.14375 0.4328125 0.05625 0.053125
0 0.1765625 0.42265625 0.05 0.103125
0 0.1625 0.4703125 0.015625 0.046875
0 0.15234375 0.48984375 0.0296875 0.0453125
0 0.19453125 0.4078125 0.028125 0.0703125
0 0.21640625 0.3734375 0.040625 0.053125
0 0.21640625 0.39765625 0.028125 0.03125
0 0.21796875 0.42578125 0.03125 0.04375
0 0.196875 0.3234375 0.04375 0.0375
0 0.215625 0.34765625 0.04375 0.040625
0 0.2328125 0.31015625 0.034375 0.0484375
0 0.2546875 0.33125 0.046875 0.0390625
0 0.26640625 0.2796875 0.0328125 0.059375
0 0.2390625 0.36875 0.0203125 0.05
0 0.19609375 0.44765625 0.021875 0.0375
0 0.18671875 0.49453125 0.04375 0.0421875
0 0.15625 0.5203125 0.025 0.053125
0 0.16015625 0.5265625 0.053125 0.025
0 0.1875 0.49765625 0.0375 0.11875
0 0.21328125 0.52734375 0.01875 0.0359375
0 0.20703125 0.5046875 0.01875 0.034375
0 0.2265625 0.49140625 0.04375 0.078125
0 0.24453125 0.47734375 0.04375 0.05
0 0.259375 0.52734375 0.034375 0.0609375
0 0.2671875 0.4125 0.03125 0.059375
0 0.2875 0.375 0.046875 0.03125
0 0.2953125 0.31875 0.03125 0.053125
0 0.3140625 0.290625 0.05 0.040625
0 0.34453125 0.25078125 0.046875 0.04375
0 0.35234375 0.31484375 0.028125 0.078125
0 0.37265625 0.3015625 0.025 0.0453125
0 0.39296875 0.284375 0.01875 0.0828125
0 0.39921875 0.23125 0.0375 0.1515625
0 0.421875 0.26484375 0.034375 0.1375
0 0.4421875 0.15546875 0.028125 0.096875
0 0.4671875 0.128125 0.025 0.0625
0 0.496875 0.1203125 0.040625 0.0625
0 0.5125 0.09609375 0.025 0.040625
0 0.52734375 0.0296875 0.040625 0.059375
0 0.60546875 0.02578125 0.0640625 0.05
0 0.64453125 0.0796875 0.0578125 0.059375
0 0.33515625 0.340625 0.034375 0.06875
0 0.340625 0.371875 0.0625 0.0328125
0 0.359375 0.396875 0.046875 0.0640625
0 0.37890625 0.38046875 0.028125 0.065625
0 0.40859375 0.4125 0.015625 0.028125
0 0.41640625 0.43515625 0.028125 0.05
0 0.4078125 0.39453125 0.0375 0.0296875
0 0.428125 0.3671875 0.046875 0.071875
0 0.440625 0.334375 0.021875 0.075
0 0.4453125 0.259375 0.0265625 0.0890625
0 0.46484375 0.37109375 0.028125 0.0703125
0 0.47265625 0.340625 0.0484375 0.0875
0 0.4796875 0.29296875 0.05625 0.071875
0 0.4765625 0.26875 0.025 0.0796875
0 0.496875 0.21015625 0.0234375 0.09375
0 0.509375 0.2140625 0.01875 0.075
0 0.5328125 0.175 0.03125 0.05625
0 0.54375 0.13828125 0.059375 0.0625
0 0.57265625 0.1515625 0.0390625 0.06875
0 0.28203125 0.4046875 0.028125 0.0671875
0 0.29609375 0.440625 0.0375 0.0625
0 0.33125 0.42109375 0.0234375 0.0796875
0 0.3265625 0.45078125 0.034375 0.078125
0 0.3328125 0.475 0.065625 0.0203125
0 0.31484375 0.48203125 0.025 0.0171875
0 0.30703125 0.47578125 0.0453125 0.075
0 0.3328125 0.5078125 0.025 0.03125
0 0.3578125 0.4578125 0.0421875 0.053125
0 0.37109375 0.43203125 0.0609375 0.034375
0 0.43515625 0.4296875 0.028125 0.059375
0 0.43828125 0.434375 0.0375 0.08125
0 0.44375 0.4765625 0.0359375 0.0875
0 0.5296875 0.228125 0.034375 0.0546875
0 0.51640625 0.2578125 0.046875 0.01875
0 0.528125 0.26953125 0.084375 0.028125
0 0.5171875 0.2984375 0.046875 0.034375
0 0.50625 0.3328125 0.0390625 0.0609375
0 0.2859375 0.4921875 0.046875 0.065625
0 0.3125 0.52578125 0.0421875 0.053125
0 0.29453125 0.54140625 0.05 0.065625
0 0.28671875 0.5671875 0.034375 0.03125
0 0.29609375 0.55390625 0.040625 0.040625
0 0.18828125 0.55234375 0.040625 0.046875
0 0.171875 0.5515625 0.040625 0.040625
0 0.153125 0.57890625 0.0359375 0.04375
0 0.1609375 0.5984375 0.0421875 0.0546875
0 0.16953125 0.6015625 0.0359375 0.046875
0 0.15859375 0.625 0.0515625 0.0578125
0 0.15859375 0.65859375 0.05 0.0875
0 0.08203125 0.7046875 0.04375 0.0234375
0 0.121875 0.71640625 0.046875 0.0734375
0 0.11171875 0.75859375 0.025 0.065625
0 0.08203125 0.725 0.0625 0.025
0 0.0640625 0.77421875 0.05625 0.05
0 0.08125 0.7640625 0.053125 0.0546875
0 0.09375 0.74375 0.025 0.04375
0 0.09375 0.8203125 0.05 0.0546875
0 0.12890625 0.82890625 0.05 0.0671875
0 0.14140625 0.8578125 0.0375 0.040625
0 0.1609375 0.80859375 0.040625 0.0828125
0 0.16953125 0.81953125 0.028125 0.0625
0 0.1421875 0.76484375 0.034375 0.0484375
0 0.15703125 0.74765625 0.0375 0.021875
0 0.1734375 0.6875 0.075 0.071875
0 0.1625 0.71875 0.040625 0.040625
0 0.190625 0.71640625 0.0265625 0.0265625
0 0.17578125 0.74140625 0.0453125 0.028125
0 0.18046875 0.7484375 0.040625 0.053125
0 0.20390625 0.775 0.0265625 0.046875
0 0.215625 0.75078125 0.0359375 0.0375
0 0.22890625 0.73046875 0.053125 0.0578125
0 0.2359375 0.69296875 0.0328125 0.08125
0 0.21484375 0.6890625 0.0296875 0.0359375
0 0.18671875 0.65546875 0.03125 0.0359375
0 0.19765625 0.5765625 0.0328125 0.0375
0 0.215625 0.56171875 0.028125 0.040625
0 0.2375 0.56171875 0.0359375 0.071875
0 0.21484375 0.584375 0.03125 0.04375
0 0.21796875 0.60546875 0.03125 0.015625
0 0.2203125 0.6203125 0.028125 0.021875
0 0.20078125 0.62265625 0.04375 0.059375
0 0.1890625 0.834375 0.0375 0.059375
0 0.21953125 0.8484375 0.0265625 0.021875
0 0.23125 0.815625 0.04375 0.059375
0 0.25078125 0.796875 0.034375 0.0765625
0 0.2734375 0.58125 0.05 0.040625
0 0.275 0.59609375 0.025 0.040625
0 0.28671875 0.58984375 0.015625 0.0203125
0 0.2546875 0.62265625 0.0375 0.065625
0 0.23671875 0.596875 0.015625 0.034375
0 0.21171875 0.66171875 0.059375 0.09375
0 0.25703125 0.71640625 0.0234375 0.046875
0 0.26484375 0.69921875 0.0421875 0.0671875
0 0.28125 0.68515625 0.034375 0.046875
0 0.284375 0.65859375 0.053125 0.05625
0 0.3140625 0.63203125 0.046875 0.04375
0 0.32734375 0.57265625 0.0375 0.0671875
0 0.30234375 0.69453125 0.034375 0.05
0 0.31171875 0.740625 0.0625 0.025
0 0.27109375 0.74765625 0.025 0.01875
0 0.27109375 0.73828125 0.04375 0.0375
0 0.28125 0.76875 0.040625 0.0375
0 0.2796875 0.8015625 0.03125 0.0453125
0 0.2703125 0.828125 0.03125 0.0453125
0 0.2640625 0.85859375 0.0828125 0.053125
0 0.2671875 0.87734375 0.0515625 0.034375
0 0.24921875 0.9046875 0.065625 0.059375
0 0.29140625 0.903125 0.040625 0.0671875
0 0.1921875 0.925 0.05625 0.028125
0 0.2796875 0.625 0.05625 0.0953125
0 0.31328125 0.93671875 0.075 0.05
0 0.35390625 0.9328125 0.0578125 0.046875
0 0.3640625 0.97109375 0.0421875 0.05625
0 0.34375 0.88984375 0.08125 0.0390625
0 0.37421875 0.87109375 0.0734375 0.034375
0 0.34296875 0.8453125 0.0234375 0.0171875
0 0.31640625 0.85078125 0.03125 0.075
0 0.31875 0.8078125 0.046875 0.059375
0 0.328125 0.80234375 0.05 0.059375
0 0.33671875 0.7921875 0.078125 0.0859375
0 0.3453125 0.7796875 0.0453125 0.059375
0 0.36328125 0.78046875 0.053125 0.071875
0 0.3578125 0.74765625 0.0453125 0.071875
0 0.4125 0.909375 0.0640625 0.0390625
0 0.4484375 0.95078125 0.065625 0.08125
0 0.459375 0.9375 0.0828125 0.0359375
0 0.484375 0.965625 0.0375 0.025
0 0.46015625 0.9015625 0.053125 0.053125
0 0.42578125 0.865625 0.0515625 0.0734375
0 0.43046875 0.85 0.046875 0.075
0 0.421875 0.84921875 0.046875 0.078125
0 0.42109375 0.8265625 0.040625 0.071875
0 0.3734375 0.8328125 0.065625 0.0546875
0 0.38828125 0.7953125 0.0375 0.0359375
0 0.409375 0.8140625 0.021875 0.03125
0 0.38203125 0.75078125 0.0375 0.0671875
0 0.32109375 0.70546875 0.0375 0.075
0 0.3421875 0.68046875 0.0265625 0.05625
0 0.346875 0.6421875 0.03125 0.040625
0 0.3515625 0.609375 0.04375 0.053125
0 0.34765625 0.57734375 0.021875 0.034375
0 0.36015625 0.675 0.04375 0.021875
0 0.3609375 0.69921875 0.021875 0.04375
0 0.375 0.65859375 0.0375 0.028125
0 0.39140625 0.46171875 0.0625 0.05
0 0.40234375 0.51015625 0.06875 0.0875
0 0.40859375 0.53671875 0.0625 0.03125
0 0.38125 0.52265625 0.0453125 0.0421875
0 0.3671875 0.51171875 0.075 0.0671875
0 0.36171875 0.49609375 0.0375 0.0359375
0 0.41953125 0.5859375 0.0796875 0.0609375
0 0.40234375 0.5984375 0.08125 0.0546875
0 0.38828125 0.6171875 0.028125 0.059375
0 0.40390625 0.621875 0.01875 0.075
0 0.42421875 0.63984375 0.0390625 0.0328125
0 0.42421875 0.6171875 0.021875 0.028125
0 0.44296875 0.55546875 0.04375 0.028125
0 0.4578125 0.53125 0.021875 0.0234375
0 0.47734375 0.4578125 0.04375 0.0515625
0 0.49140625 0.39296875 0.0328125 0.06875
0 0.5125 0.3921875 0.0375 0.053125
0 0.55390625 0.22265625 0.0390625 0.0484375
0 0.56484375 0.2140625 0.03125 0.0265625
0 0.56796875 0.19609375 0.075 0.03125
0 0.60546875 0.20546875 0.01875 0.0703125
0 0.62734375 0.17578125 0.0453125 0.028125
0 0.62578125 0.153125 0.05625 0.05625
0 0.65546875 0.165625 0.034375 0.09375
0 0.684375 0.1546875 0.025 0.103125
0 0.696875 0.12734375 0.0296875 0.0875
0 0.70390625 0.18359375 0.0265625 0.03125
0 0.71875 0.11953125 0.0328125 0.0734375
0 0.7359375 0.06171875 0.059375 0.1234375
0 0.73203125 0.14765625 0.0296875 0.0703125
0 0.5296875 0.32734375 0.0625 0.096875
0 0.54375 0.34765625 0.040625 0.0625
0 0.58203125 0.26484375 0.028125 0.0671875
0 0.5875 0.2625 0.028125 0.0625
0 0.61796875 0.2671875 0.025 0.04375
0 0.62734375 0.22734375 0.0296875 0.05625
0 0.6859375 0.23828125 0.084375 0.090625
0 0.73671875 0.190625 0.028125 0.0734375
0 0.7375 0.28515625 0.046875 0.103125
0 0.7625 0.17890625 0.05 0.121875
0 0.753125 0.25703125 0.025 0.0859375
0 0.771875 0.21953125 0.025 0.121875
0 0.7734375 0.2703125 0.040625 0.1125
0 0.775 0.32421875 0.04375 0.1
0 0.80703125 0.22578125 0.0421875 0.1125
0 0.83359375 0.18984375 0.059375 0.0671875
0 0.81953125 0.15859375 0.05625 0.053125
0 0.86875 0.2046875 0.025 0.0859375
0 0.84921875 0.253125 0.065625 0.08125
0 0.8296875 0.28125 0.0453125 0.0734375
0 0.9046875 0.159375 0.078125 0.0625
0 0.896875 0.2125 0.0421875 0.06875
0 0.8984375 0.23046875 0.06875 0.09375
0 0.8875 0.2875 0.05625 0.065625
0 0.91953125 0.2546875 0.065625 0.096875
0 0.93125 0.290625 0.0515625 0.1140625
0 0.9609375 0.27734375 0.03125 0.09375
0 0.9578125 0.49765625 0.084375 0.04375
0 0.9390625 0.45234375 0.071875 0.0640625
0 0.97578125 0.41328125 0.04375 0.10625
0 0.9875 0.5453125 0.025 0.05625
0 0.9203125 0.4015625 0.0625 0.05625
0 0.90078125 0.3609375 0.090625 0.05625
0 0.88125 0.4015625 0.046875 0.046875
0 0.88125 0.3515625 0.0390625 0.0390625
0 0.85078125 0.35625 0.03125 0.075
0 0.8203125 0.37265625 0.0703125 0.078125
0 0.803125 0.34140625 0.05 0.0609375
0 0.8359375 0.34296875 0.034375 0.059375
0 0.81015625 0.3 0.0265625 0.084375
0 0.83515625 0.41171875 0.075 0.0625
0 0.87421875 0.47421875 0.1125 0.1125
0 0.79296875 0.4390625 0.065625 0.046875
0 0.76171875 0.40859375 0.028125 0.040625
0 0.73984375 0.36796875 0.021875 0.028125
0 0.728125 0.34609375 0.0265625 0.05625
0 0.70625 0.29765625 0.025 0.0359375
0 0.68984375 0.2953125 0.0515625 0.0765625
0 0.67109375 0.29765625 0.04375 0.071875
0 0.62890625 0.3578125 0.084375 0.15
0 0.64609375 0.28828125 0.015625 0.071875
0 0.634375 0.26484375 0.0234375 0.0484375
0 0.6328125 0.31171875 0.028125 0.0625
0 0.61640625 0.33828125 0.028125 0.06875
0 0.59453125 0.30859375 0.071875 0.040625
0 0.57421875 0.35546875 0.0171875 0.05
0 0.58203125 0.3609375 0.0203125 0.075
0 0.59453125 0.3703125 0.01875 0.125
0 0.65390625 0.34765625 0.025 0.040625
0 0.64765625 0.37578125 0.0265625 0.065625
0 0.63984375 0.42890625 0.0375 0.065625
0 0.65703125 0.40078125 0.03125 0.0921875
0 0.6953125 0.3453125 0.071875 0.0671875
0 0.68359375 0.396875 0.021875 0.075
0 0.7078125 0.39765625 0.025 0.115625
0 0.72265625 0.44765625 0.0625 0.1078125
0 0.72265625 0.453125 0.0421875 0.046875
0 0.715625 0.484375 0.034375 0.05625
0 0.734375 0.4859375 0.0484375 0.0640625
0 0.76796875 0.47890625 0.040625 0.0375
0 0.86484375 0.4953125 0.05625 0.046875
0 0.69765625 0.4234375 0.021875 0.109375
0 0.66484375 0.453125 0.05 0.046875
0 0.684375 0.478125 0.0328125 0.05625
0 0.7234375 0.5453125 0.0328125 0.05
0 0.6875 0.54375 0.0734375 0.09375
0 0.6515625 0.49140625 0.071875 0.025
0 0.87734375 0.5421875 0.034375 0.034375
0 0.9109375 0.5359375 0.025 0.0359375
0 0.9609375 0.553125 0.0578125 0.1015625
0 0.94921875 0.58828125 0.05 0.0484375
0 0.9765625 0.60859375 0.028125 0.0390625
0 0.99140625 0.621875 0.0171875 0.1046875
0 0.9375 0.671875 0.046875 0.1
0 0.9078125 0.58125 0.06875 0.05
0 0.8796875 0.584375 0.075 0.0796875
0 0.88359375 0.6328125 0.0875 0.040625
0 0.8640625 0.6421875 0.021875 0.021875
0 0.9671875 0.6890625 0.053125 0.084375
0 0.98515625 0.70859375 0.0296875 0.1484375
0 0.95625 0.775 0.053125 0.1140625
0 0.93828125 0.8640625 0.0953125 0.084375
0 0.97421875 0.721875 0.0515625 0.103125
0 0.9203125 0.975 0.05 0.05
0 0.88671875 0.72734375 0.040625 0.0671875
0 0.89765625 0.7921875 0.046875 0.0703125
0 0.840625 0.68828125 0.0609375 0.0390625
0 0.86328125 0.81875 0.0453125 0.025
0 0.884375 0.8609375 0.046875 0.0625
0 0.86796875 0.90859375 0.0546875 0.04375
0 0.859375 0.94921875 0.0328125 0.053125
0 0.84375 0.825 0.05 0.05625
0 0.8515625 0.87109375 0.0375 0.08125
0 0.8234375 0.88046875 0.053125 0.078125
0 0.81015625 0.94921875 0.0390625 0.0640625
0 0.7359375 0.9671875 0.115625 0.0453125
0 0.78125 0.91796875 0.075 0.1046875
0 0.79453125 0.85390625 0.075 0.03125
0 0.7953125 0.82421875 0.053125 0.046875
0 0.8234375 0.78515625 0.0609375 0.053125
0 0.775 0.79453125 0.0484375 0.0515625
0 0.75546875 0.80390625 0.025 0.0359375
0 0.77734375 0.75546875 0.078125 0.05625
0 0.80546875 0.73359375 0.0265625 0.084375
0 0.8015625 0.64140625 0.04375 0.06875
0 0.74140625 0.5609375 0.0765625 0.11875
0 0.6890625 0.6203125 0.04375 0.071875
0 0.7640625 0.65 0.046875 0.06875
0 0.796875 0.59140625 0.021875 0.0375
0 0.83203125 0.590625 0.0390625 0.05
0 0.8328125 0.5265625 0.028125 0.1
0 0.81953125 0.525 0.01875 0.075
0 0.79453125 0.5546875 0.046875 0.0546875
0 0.85390625 0.56171875 0.03125 0.0953125
0 0.79453125 0.51640625 0.040625 0.0546875
0 0.77890625 0.7140625 0.053125 0.078125
0 0.75 0.7109375 0.0890625 0.0921875
0 0.71015625 0.75625 0.0875 0.071875
0 0.73515625 0.77890625 0.0796875 0.0390625
0 0.72109375 0.790625 0.0625 0.0390625
0 0.709375 0.81484375 0.046875 0.0359375
0 0.67109375 0.8015625 0.053125 0.0734375
0 0.6875 0.72578125 0.046875 0.08125
0 0.6828125 0.70390625 0.0765625 0.1359375
0 0.6546875 0.7203125 0.03125 0.05625
0 0.65703125 0.66015625 0.03125 0.06875
0 0.65859375 0.61171875 0.05625 0.059375
0 0.65625 0.58046875 0.05 0.084375
0 0.6421875 0.528125 0.0375 0.0625
0 0.62578125 0.54921875 0.03125 0.071875
0 0.6234375 0.478125 0.08125 0.0296875
0 0.625 0.45078125 0.028125 0.028125
0 0.63203125 0.4703125 0.034375 0.0375
0 0.6203125 0.45546875 0.025 0.0328125
0 0.60390625 0.46171875 0.025 0.0859375
0 0.60078125 0.44765625 0.021875 0.0546875
0 0.615625 0.5625 0.025 0.06875
0 0.61953125 0.6515625 0.034375 0.128125
0 0.6171875 0.71484375 0.0453125 0.0875
0 0.63203125 0.7296875 0.021875 0.0734375
0 0.6375 0.79609375 0.040625 0.071875
0 0.61015625 0.78515625 0.0453125 0.0546875
0 0.59765625 0.84140625 0.0578125 0.053125
0 0.58515625 0.89921875 0.0203125 0.08125
0 0.60625 0.8875 0.03125 0.078125
0 0.6375 0.88359375 0.040625 0.05625
0 0.6453125 0.9359375 0.028125 0.0484375
0 0.646875 0.85234375 0.0625 0.0546875
0 0.7078125 0.84921875 0.0296875 0.040625
0 0.725 0.8546875 0.071875 0.078125
0 0.740625 0.88203125 0.059375 0.0546875
0 0.715625 0.90625 0.053125 0.0390625
0 0.5953125 0.8171875 0.0265625 0.03125
0 0.51953125 0.98203125 0.0421875 0.0359375
0 0.5171875 0.9453125 0.04375 0.0640625
0 0.56171875 0.834375 0.059375 0.08125
0 0.5578125 0.8484375 0.04375 0.075
0 0.58359375 0.68515625 0.03125 0.0375
0 0.55859375 0.70859375 0.115625 0.053125
0 0.56484375 0.78984375 0.0796875 0.0609375
0 0.55234375 0.8125 0.04375 0.0375
0 0.52578125 0.86171875 0.034375 0.0796875
0 0.51328125 0.84765625 0.05625 0.125
0 0.490625 0.86171875 0.040625 0.046875
0 0.5046875 0.83203125 0.0265625 0.0421875
0 0.52265625 0.75703125 0.065625 0.115625
0 0.5484375 0.74296875 0.053125 0.040625
0 0.5265625 0.76015625 0.0734375 0.03125
0 0.53984375 0.7484375 0.0859375 0.03125
0 0.53671875 0.71875 0.0453125 0.0375
0 0.4875 0.81328125 0.015625 0.04375
0 0.49453125 0.78984375 0.096875 0.1890625
0 0.40234375 0.7546875 0.053125 0.084375
0 0.38828125 0.69921875 0.0234375 0.04375
0 0.390625 0.66796875 0.01875 0.0359375
0 0.4109375 0.71953125 0.0375 0.096875
0 0.4328125 0.73046875 0.053125 0.0640625
0 0.4390625 0.70390625 0.053125 0.05
0 0.4453125 0.6921875 0.040625 0.0296875
0 0.47578125 0.71484375 0.0375 0.0515625
0 0.49140625 0.71015625 0.0234375 0.0375
0 0.46640625 0.73515625 0.0125 0.01875
0 0.459375 0.7984375 0.021875 0.0375
0 0.45859375 0.77265625 0.059375 0.0625
0 0.46484375 0.68828125 0.06875 0.1390625
0 0.44140625 0.6578125 0.0375 0.0828125
0 0.4515625 0.63046875 0.015625 0.03125
0 0.46875 0.66640625 0.0703125 0.04375
0 0.49296875 0.671875 0.0328125 0.025
0 0.521875 0.66875 0.04375 0.040625
0 0.54453125 0.67265625 0.025 0.05
0 0.5453125 0.62421875 0.025 0.04375
0 0.5515625 0.64609375 0.0375 0.053125
0 0.56875 0.634375 0.0328125 0.0453125
0 0.58984375 0.66484375 0.0546875 0.03125
0 0.609375 0.65078125 0.028125 0.04375
0 0.58828125 0.61640625 0.025 0.075
0 0.59921875 0.6171875 0.009375 0.0515625
0 0.60859375 0.60078125 0.021875 0.040625
0 0.58125 0.590625 0.028125 0.034375
0 0.55546875 0.58203125 0.03125 0.05
0 0.58515625 0.5625 0.053125 0.025
0 0.57265625 0.52734375 0.065625 0.05625
0 0.5890625 0.50546875 0.0796875 0.034375
0 0.58984375 0.5203125 0.025 0.021875
0 0.53203125 0.59453125 0.03125 0.084375
0 0.5109375 0.559375 0.0328125 0.096875
0 0.50703125 0.584375 0.0296875 0.134375
0 0.47890625 0.53203125 0.0609375 0.103125
0 0.47890625 0.59140625 0.0578125 0.059375
0 0.4859375 0.50078125 0.046875 0.08125
0 0.521875 0.4171875 0.0625 0.1125
0 0.5359375 0.415625 0.0296875 0.0484375
0 0.5265625 0.44609375 0.046875 0.078125
0 0.54140625 0.43671875 0.015625 0.025
0 0.55546875 0.43671875 0.0375 0.1125
0 0.56953125 0.465625 0.0375 0.065625
0 0.56171875 0.4828125 0.021875 0.0265625
0 0.58828125 0.475 0.0125 0.05625
0 0.53828125 0.52578125 0.05 0.059375
0 0.525 0.48515625 0.04375 0.0703125
0 0.36484375 0.70703125 0.0296875 0.0375
0 0.4171875 0.6578125 0.0609375 0.03125