0 0.9265625 0.01953125 0.128125 0.0390625
0 0.96875 0.053125 0.0625 0.059375
0 0.79453125 0.05390625 0.2171875 0.090625
0 0.734375 0.0265625 0.215625 0.053125
0 0.61640625 0.04765625 0.1125 0.0953125
0 0.49609375 0.05078125 0.184375 0.1015625
0 0.628125 0.10859375 0.1625 0.065625
0 0.821875 0.16640625 0.1625 0.1578125
0 0.9234375 0.3578125 0.10625 0.225
0 0.46796875 0.16015625 0.4375 0.1390625
0 0.3828125 0.04765625 0.1484375 0.09375
0 0.3859375 0.0203125 0.1359375 0.040625
0 0.30625 0.0171875 0.121875 0.034375
0 0.10390625 0.090625 0.2078125 0.171875
0 0.06484375 0.034375 0.128125 0.06875
0 0.36328125 0.4578125 0.190625 0.165625
0 0.5703125 0.221875 0.1875 0.0796875
0 0.3453125 0.303125 0.134375 0.084375
0 0.58828125 0.26640625 0.14375 0.090625
0 0.16015625 0.33046875 0.0828125 0.1625
0 0.0578125 0.22421875 0.115625 0.15
0 0.14453125 0.16875 0.0671875 0.125
0 0.20625 0.1171875 0.090625 0.08125
0 0.03828125 0.31953125 0.0765625 0.0984375
0 0.66015625 0.51015625 0.0953125 0.165625
0 0.56796875 0.5671875 0.1453125 0.1703125
0 0.43984375 0.6625 0.2484375 0.078125
0 0.27734375 0.6515625 0.203125 0.1296875
0 0.30078125 0.7125 0.2625 0.034375
0 0.86015625 0.53046875 0.215625 0.0609375
0 0.86640625 0.52578125 0.21875 0.1453125
0 0.87265625 0.596875 0.2125 0.053125
0 0.72890625 0.784375 0.1265625 0.253125
0 0.65078125 0.77578125 0.0546875 0.171875
0 0.6 0.82578125 0.0953125 0.159375
0 0.18203125 0.61328125 0.1296875 0.259375
0 0.11328125 0.7609375 0.1703125 0.109375
0 0.26015625 0.828125 0.15 0.153125
0 0.084375 0.86015625 0.14375 0.09375
0 0.290625 0.97734375 0.0890625 0.0453125
0 0.4328125 0.8140625 0.3390625 0.228125
0 0.4046875 0.89765625 0.159375 0.0625
0 0.49921875 0.85703125 0.16875 0.08125
0 0.4453125 0.94453125 0.10625 0.071875
0 0.53984375 0.91796875 0.1 0.065625
0 0.65859375 0.88671875 0.0828125 0.08125
0 0.5921875 0.96328125 0.278125 0.071875
0 0.465625 0.98046875 0.1375 0.0390625
0 0.73671875 0.95546875 0.065625 0.0890625
0 0.79765625 0.98359375 0.09375 0.03125
0 0.4890625 0.478125 0.1890625 0.125
0 0.28359375 0.2125 0.178125 0.1
0 0.37734375 0.2328125 0.0640625 0.05
0 0.43984375 0.209375 0.090625 0.0953125
0 0.83671875 0.73984375 0.0796875 0.134375
0 0.8828125 0.6359375 0.171875 0.09375
0 0.77734375 0.6390625 0.071875 0.040625
0 0.90703125 0.775 0.14375 0.1125
0 0.9328125 0.83828125 0.078125 0.071875
0 0.84921875 0.92265625 0.15625 0.125
0 0.878125 0.96953125 0.103125 0.0609375
0 0.9734375 0.9125 0.053125 0.128125
0 0.98203125 0.97734375 0.0359375 0.0453125
0 0.04375 0.9515625 0.0875 0.0765625
0 0.97265625 0.13203125 0.0546875 0.0859375