0 0.20625 0.22265625 0.228125 0.08046875
0 0.5328125 0.2421875 0.20546875 0.07265625
0 0.859375 0.259375 0.2140625 0.071875
0 0.2203125 0.33671875 0.1890625 0.0546875
0 0.52421875 0.3640625 0.1875 0.06484375
0 0.85078125 0.3875 0.20703125 0.053125
0 0.8453125 0.48515625 0.20234375 0.0609375
0 0.4953125 0.49765625 0.2296875 0.078125
0 0.21796875 0.44296875 0.2046875 0.06171875
0 0.171875 0.56484375 0.17578125 0.07109375
0 0.45859375 0.62421875 0.2359375 0.06484375
0 0.8390625 0.61875 0.215625 0.07890625
0 0.4328125 0.73359375 0.171875 0.0609375
0 0.82265625 0.7421875 0.203125 0.05859375
0 0.42890625 0.81171875 0.178125 0.06484375
0 0.80703125 0.859375 0.31015625 0.10703125
0 0.41796875 0.9140625 0.2109375 0.0734375
0 0.8203125 0.9765625 0.234375 0.046875
0 0.44453125 0.9796875 0.178125 0.040625