0 0.44296875 0.1265625 0.115625 0.1578125
0 0.7671875 0.0359375 0.0890625 0.071875
0 0.978125 0.04453125 0.04375 0.0890625
0 0.39765625 0.06171875 0.10625 0.1234375
0 0.059375 0.0203125 0.11875 0.040625
0 0.1234375 0.084375 0.215625 0.109375
0 0.18984375 0.2125 0.175 0.15625
0 0.22734375 0.1421875 0.10625 0.10625
0 0.31484375 0.12890625 0.06875 0.13125
0 0.303125 0.284375 0.075 0.13125
0 0.234375 0.30234375 0.0640625 0.084375
0 0.06796875 0.52578125 0.1359375 0.15
0 0.159375 0.5328125 0.1484375 0.1
0 0.13125 0.61171875 0.225 0.0875
0 0.05625 0.68359375 0.078125 0.103125
0 0.10625 0.3953125 0.10625 0.1
0 0.1984375 0.41640625 0.078125 0.140625
0 0.28203125 0.44609375 0.159375 0.1359375
0 0.26640625 0.375 0.09375 0.0625
0 0.4984375 0.28359375 0.08125 0.121875
0 0.5609375 0.3359375 0.1 0.14375
0 0.5890625 0.3359375 0.209375 0.23125
0 0.5828125 0.496875 0.1296875 0.0953125
0 0.521875 0.51640625 0.146875 0.08125
0 0.03515625 0.4140625 0.0703125 0.096875
0 0.14765625 0.790625 0.109375 0.1796875
0 0.2171875 0.74765625 0.06875 0.221875
0 0.35078125 0.75546875 0.065625 0.1671875
0 0.38828125 0.878125 0.071875 0.1
0 0.446875 0.934375 0.096875 0.13125
0 0.7625 0.915625 0.1375 0.1140625
0 0.58671875 0.8796875 0.1125 0.0734375
0 0.5921875 0.83671875 0.059375 0.046875
0 0.70078125 0.703125 0.075 0.14375
0 0.65390625 0.8265625 0.05625 0.125
0 0.771875 0.7484375 0.1546875 0.078125
0 0.8046875 0.81875 0.140625 0.115625
0 0.9109375 0.83984375 0.1046875 0.1890625
0 0.953125 0.8453125 0.09375 0.140625
0 0.98828125 0.9625 0.0234375 0.075
0 0.978125 0.7671875 0.04375 0.109375
0 0.96171875 0.6546875 0.075 0.06875
0 0.8625 0.57109375 0.146875 0.0796875
0 0.8453125 0.66953125 0.0859375 0.109375
0 0.9609375 0.4078125 0.078125 0.084375
0 0.8578125 0.503125 0.1453125 0.1046875
0 0.9609375 0.48125 0.078125 0.1
0 0.9484375 0.25 0.103125 0.0625
0 0.93828125 0.3046875 0.1234375 0.090625
0 0.909375 0.36875 0.1390625 0.0859375
0 0.79296875 0.303125 0.15625 0.203125
0 0.71484375 0.30625 0.1125 0.190625
0 0.76484375 0.19296875 0.071875 0.084375
0 0.8046875 0.23984375 0.175 0.071875
0 0.709375 0.1640625 0.0546875 0.203125
0 0.6578125 0.1296875 0.103125 0.24375
0 0.70625 0.49609375 0.15 0.096875
0 0.59609375 0.59765625 0.1734375 0.0578125
0 0.496875 0.63046875 0.153125 0.225
0 0.3375 0.58125 0.0796875 0.096875
0 0.034375 0.9046875 0.06875 0.190625
0 0.3921875 0.4 0.0640625 0.1171875
0 0.575 0.7328125 0.1140625 0.128125
0 0.55625 0.73046875 0.1578125 0.2046875
0 0.45703125 0.71796875 0.06875 0.2734375
0 0.81796875 0.175 0.090625 0.075
0 0.82890625 0.07734375 0.134375 0.059375
0 0.95 0.171875 0.065625 0.13125
0 0.6671875 0.95703125 0.078125 0.084375
0 0.0171875 0.9671875 0.034375 0.065625
0 0.78984375 0.45 0.09375 0.084375
0 0.7671875 0.4046875 0.0625 0.121875
0 0.75703125 0.67109375 0.075 0.06875
0 0.553125 0.21640625 0.0625 0.071875
0 0.596875 0.06484375 0.05625 0.0765625
0 0.43984375 0.22421875 0.0625 0.078125
0 0.2828125 0.690625 0.05625 0.25625
0 0.03359375 0.38125 0.065625 0.20625
0 0.05625 0.20390625 0.0625 0.090625
0 0.296875 0.94140625 0.115625 0.1171875
0 0.53359375 0.33203125 0.1359375 0.1328125
0 0.38515625 0.65546875 0.090625 0.1796875
0 0.43515625 0.67109375 0.140625 0.115625
0 0.43828125 0.609375 0.03125 0.059375
0 0.4046875 0.6515625 0.0359375 0.05
0 0.665625 0.6765625 0.090625 0.153125