0 0.0875 0.11953125 0.10625 0.2390625
0 0.22734375 0.11796875 0.06875 0.2359375
0 0.11171875 0.49765625 0.09375 0.2578125
0 0.13203125 0.8828125 0.090625 0.234375
0 0.253125 0.49296875 0.08125 0.225
0 0.2828125 0.8828125 0.078125 0.234375
0 0.4 0.88359375 0.08125 0.2328125
0 0.4203125 0.4671875 0.09375 0.30625
0 0.35234375 0.11796875 0.075 0.2359375
0 0.50546875 0.09140625 0.075 0.1828125
0 0.57421875 0.42265625 0.0859375 0.2921875
0 0.5609375 0.88046875 0.0875 0.2390625
0 0.728125 0.8828125 0.084375 0.234375
0 0.71953125 0.3953125 0.06875 0.2390625
0 0.8265625 0.3921875 0.0828125 0.2359375
0 0.8875 0.846875 0.14375 0.30625
0 0.96171875 0.3703125 0.0765625 0.265625