0 0.03671875 0.53203125 0.0703125 0.14375
0 0.05546875 0.628125 0.0796875 0.14921875
0 0.16484375 0.753125 0.19765625 0.0546875
0 0.2078125 0.84296875 0.09765625 0.0515625
0 0.265625 0.81640625 0.0703125 0.1234375
0 0.240625 0.91328125 0.28828125 0.11484375
0 0.384375 0.81875 0.11875 0.071875
0 0.62265625 0.8546875 0.1171875 0.16796875
0 0.61328125 0.7078125 0.14765625 0.12890625
0 0.68671875 0.7703125 0.11171875 0.178125
0 0.92890625 0.871875 0.13984375 0.0375
0 0.85234375 0.790625 0.1203125 0.05078125
0 0.81875 0.746875 0.14296875 0.06328125
0 0.8765625 0.68828125 0.09609375 0.07734375
0 0.85703125 0.653125 0.16640625 0.06484375
0 0.75390625 0.68125 0.06015625 0.09296875
0 0.68984375 0.621875 0.1046875 0.13046875
0 0.53515625 0.6375 0.10078125 0.11171875
0 0.465625 0.6375 0.1296875 0.05546875
0 0.34140625 0.72734375 0.06171875 0.13671875
0 0.23671875 0.72734375 0.15234375 0.07890625
0 0.25234375 0.6453125 0.075 0.140625
0 0.28671875 0.56171875 0.14765625 0.034375
0 0.3546875 0.59921875 0.1625 0.0703125
0 0.35390625 0.63515625 0.08828125 0.13515625
0 0.73828125 0.6046875 0.0796875 0.07578125
0 0.77734375 0.6015625 0.09765625 0.07578125
0 0.83203125 0.5328125 0.10234375 0.09140625
0 0.7203125 0.5484375 0.13203125 0.06796875
0 0.2796875 0.53203125 0.3203125 0.06484375
0 0.475 0.534375 0.09296875 0.06015625
0 0.59453125 0.5625 0.10078125 0.0734375
0 0.60234375 0.51796875 0.1296875 0.05234375
0 0.56796875 0.496875 0.16953125 0.06328125
0 0.6015625 0.4625 0.196875 0.0875
0 0.54140625 0.45390625 0.1578125 0.03828125
0 0.40859375 0.45625 0.13125 0.07734375
0 0.325 0.48984375 0.0734375 0.05390625
0 0.25234375 0.465625 0.090625 0.1109375
0 0.153125 0.49765625 0.175 0.08984375
0 0.19921875 0.409375 0.1078125 0.11484375
0 0.2203125 0.35390625 0.09140625 0.08671875
0 0.115625 0.303125 0.12734375 0.0484375
0 0.30703125 0.43984375 0.09296875 0.0640625
0 0.40625 0.42734375 0.14140625 0.06484375
0 0.2609375 0.38046875 0.07265625 0.10546875
0 0.71328125 0.4859375 0.11640625 0.10078125
0 0.8375 0.45859375 0.075 0.09765625
0 0.9109375 0.4421875 0.075 0.0671875
0 0.97265625 0.3859375 0.0546875 0.1046875
0 0.76328125 0.3859375 0.1375 0.1015625
0 0.7453125 0.4140625 0.11171875 0.04765625
0 0.6203125 0.37890625 0.128125 0.0640625
0 0.58671875 0.4265625 0.13984375 0.03359375
0 0.48828125 0.403125 0.1203125 0.096875
0 0.4046875 0.36015625 0.08046875 0.10859375
0 0.34921875 0.35078125 0.13515625 0.1359375
0 0.409375 0.29921875 0.08203125 0.04921875
0 0.30390625 0.28125 0.09140625 0.0875
0 0.36328125 0.1921875 0.14453125 0.13515625
0 0.42734375 0.1703125 0.09921875 0.06015625
0 0.4828125 0.24375 0.28515625 0.04296875
0 0.43984375 0.27265625 0.15703125 0.07421875
0 0.53515625 0.30078125 0.14140625 0.08125
0 0.52109375 0.33359375 0.1796875 0.08359375
0 0.46484375 0.22265625 0.134375 0.03828125
0 0.5546875 0.2125 0.07265625 0.05
0 0.51328125 0.121875 0.16875 0.03828125
0 0.328125 0.12421875 0.09296875 0.146875
0 0.8421875 0.3171875 0.06171875 0.16015625
0 0.90234375 0.27265625 0.0828125 0.10859375
0 0.8390625 0.21328125 0.109375 0.06484375
0 0.71640625 0.21953125 0.1578125 0.046875
0 0.79453125 0.22734375 0.1546875 0.03125
0 0.78203125 0.28828125 0.0640625 0.07890625
0 0.734375 0.28984375 0.0828125 0.09765625
0 0.70546875 0.3109375 0.0640625 0.13984375
0 0.65078125 0.30546875 0.07734375 0.11953125
0 0.6515625 0.2046875 0.14296875 0.0453125
0 0.8046875 0.17421875 0.2125 0.0453125
0 0.91328125 0.10859375 0.1625 0.11484375
0 0.93984375 0.015625 0.08203125 0.03125
0 0.82265625 0.034375 0.1046875 0.0546875
0 0.80234375 0.0109375 0.07734375 0.021875
0 0.5390625 0.01328125 0.128125 0.0265625
0 0.51953125 0.0234375 0.21796875 0.046875
0 0.7125 0.04921875 0.1234375 0.08828125
0 0.653125 0.1171875 0.1375 0.11953125
0 0.66875 0.14765625 0.109375 0.0359375
0 0.76640625 0.13984375 0.11171875 0.07890625
0 0.67734375 0.15546875 0.1765625 0.05078125
0 0.5734375 0.18359375 0.1609375 0.028125
0 0.4265625 0.86875 0.09296875 0.046875