0 0.3484375 0.01953125 0.171875 0.0390625
0 0.20390625 0.11953125 0.0625 0.228125
0 0.1 0.16953125 0.059375 0.1125
0 0.13046875 0.23671875 0.14375 0.08125
0 0.04296875 0.20703125 0.0859375 0.334375
0 0.128125 0.3734375 0.0828125 0.1375
0 0.0921875 0.6484375 0.184375 0.134375
0 0.25703125 0.6375 0.15 0.1703125
0 0.184375 0.721875 0.20625 0.1296875
0 0.0671875 0.96015625 0.04375 0.0796875
0 0.16015625 0.91328125 0.059375 0.1390625
0 0.2109375 0.875 0.0734375 0.165625
0 0.27890625 0.94140625 0.090625 0.1109375
0 0.31953125 0.9109375 0.075 0.178125
0 0.2875 0.8 0.10625 0.06875
0 0.35625 0.72578125 0.15 0.121875
0 0.3375 0.546875 0.128125 0.115625
0 0.3375 0.4671875 0.0640625 0.15
0 0.23359375 0.3234375 0.1578125 0.071875
0 0.234375 0.203125 0.090625 0.1765625
0 0.32890625 0.2203125 0.1625 0.0859375
0 0.42578125 0.26015625 0.0390625 0.171875
0 0.38203125 0.3390625 0.08125 0.1875
0 0.33984375 0.3375 0.15625 0.103125
0 0.375 0.78203125 0.0875 0.090625
0 0.37890625 0.82734375 0.0875 0.1125
0 0.45859375 0.88984375 0.10625 0.11875
0 0.440625 0.7609375 0.078125 0.153125
0 0.459375 0.25234375 0.075 0.36875
0 0.45625 0.478125 0.06875 0.1078125
0 0.425 0.615625 0.084375 0.115625
0 0.47578125 0.625 0.059375 0.15
0 0.5 0.58515625 0.0734375 0.1953125
0 0.53984375 0.62421875 0.1 0.228125
0 0.55 0.5546875 0.04375 0.1828125
0 0.546875 0.40078125 0.0890625 0.1515625
0 0.5078125 0.30390625 0.0625 0.084375
0 0.53671875 0.2203125 0.128125 0.1046875
0 0.49921875 0.10546875 0.103125 0.203125
0 0.60078125 0.159375 0.1328125 0.125
0 0.66484375 0.18359375 0.1 0.10625
0 0.7234375 0.06796875 0.05625 0.1359375
0 0.565625 0.284375 0.075 0.1078125
0 0.58046875 0.39765625 0.075 0.1625
0 0.634375 0.23046875 0.121875 0.084375
0 0.5125 0.75234375 0.115625 0.134375
0 0.54453125 0.89609375 0.1125 0.0875
0 0.56328125 0.96875 0.078125 0.0625
0 0.628125 0.8109375 0.1171875 0.159375
0 0.59609375 0.78984375 0.0546875 0.128125
0 0.6359375 0.6453125 0.075 0.146875
0 0.58203125 0.60625 0.0390625 0.1625
0 0.60859375 0.49375 0.1125 0.1375
0 0.6578125 0.39609375 0.125 0.09375
0 0.66953125 0.33203125 0.15625 0.15625
0 0.728125 0.4015625 0.05625 0.09375
0 0.74921875 0.2796875 0.1 0.10625
0 0.8515625 0.3484375 0.15625 0.1671875
0 0.87734375 0.42265625 0.06875 0.115625
0 0.7921875 0.48671875 0.05 0.3296875
0 0.75859375 0.4375 0.084375 0.18125
0 0.7265625 0.54765625 0.09375 0.1625
0 0.6890625 0.53046875 0.096875 0.20625
0 0.81640625 0.46640625 0.04375 0.1546875
0 0.82890625 0.5703125 0.0578125 0.084375
0 0.93359375 0.52265625 0.04375 0.1953125
0 0.9234375 0.3078125 0.153125 0.10625
0 0.7078125 0.9015625 0.184375 0.071875
0 0.75859375 0.96171875 0.125 0.0765625
0 0.828125 0.8984375 0.075 0.1265625
0 0.82109375 0.75625 0.053125 0.1828125
0 0.81171875 0.846875 0.0375 0.1796875
0 0.740625 0.83203125 0.090625 0.075
0 0.7390625 0.77734375 0.1125 0.0953125
0 0.71484375 0.74375 0.1625 0.075
0 0.72109375 0.68046875 0.1375 0.0890625
0 0.8375 0.68125 0.053125 0.165625
0 0.87265625 0.85859375 0.053125 0.2453125
0 0.94140625 0.94453125 0.1171875 0.1109375
0 0.9828125 0.7515625 0.034375 0.1421875
0 0.934375 0.68359375 0.13125 0.159375
0 0.903125 0.7015625 0.040625 0.1265625
0 0.9125 0.81484375 0.090625 0.1296875
0 0.89453125 0.71171875 0.059375 0.203125
0 0.8625 0.59140625 0.0328125 0.1859375
0 0.07109375 0.421875 0.053125 0.1078125