0 0.96640625 0.97578125 0.0671875 0.0484375
0 0.9171875 0.95546875 0.115625 0.0890625
0 0.83125 0.97265625 0.059375 0.0546875
0 0.1421875 0.6875 0.04375 0.1546875
0 0.11953125 0.65546875 0.040625 0.165625
0 0.825 0.5125 0.078125 0.06875
0 0.7125 0.51484375 0.071875 0.078125
0 0.61953125 0.51484375 0.0546875 0.071875
0 0.51328125 0.52734375 0.0625 0.0453125
0 0.4125 0.5 0.0609375 0.0703125
0 0.31171875 0.50234375 0.0875 0.0421875
0 0.7296875 0.18671875 0.071875 0.121875
0 0.628125 0.190625 0.0875 0.165625
0 0.49765625 0.19296875 0.096875 0.18125
0 0.37890625 0.19375 0.078125 0.1359375
0 0.23984375 0.21953125 0.090625 0.15625
0 0.11171875 0.271875 0.109375 0.1765625
0 0.015625 0.27890625 0.03125 0.140625