0 0.6609375 0.01640625 0.0828125 0.0328125
0 0.86484375 0.090625 0.0359375 0.128125
0 0.82421875 0.11328125 0.06875 0.165625
0 0.83671875 0.26171875 0.090625 0.0875
0 0.8203125 0.3625 0.0984375 0.0625
0 0.95234375 0.23203125 0.09375 0.0625
0 0.9765625 0.29765625 0.046875 0.0625
0 0.96953125 0.76796875 0.059375 0.165625
0 0.96640625 0.52109375 0.053125 0.0703125
0 0.953125 0.58984375 0.06875 0.09375
0 0.93515625 0.41484375 0.1078125 0.1140625
0 0.90703125 0.49453125 0.05625 0.065625
0 0.81484375 0.44921875 0.11875 0.109375
0 0.85390625 0.5703125 0.090625 0.0609375
0 0.86640625 0.60390625 0.11875 0.0859375
0 0.78046875 0.5390625 0.0703125 0.1125
0 0.79375 0.6125 0.065625 0.1125
0 0.81796875 0.6515625 0.06875 0.08125
0 0.86796875 0.721875 0.075 0.0875
0 0.8671875 0.8015625 0.046875 0.10625
0 0.86640625 0.9234375 0.153125 0.109375
0 0.75625 0.93984375 0.0421875 0.084375
0 0.75859375 0.83359375 0.1078125 0.084375
0 0.8234375 0.76171875 0.05 0.0953125
0 0.76953125 0.6796875 0.0625 0.134375
0 0.68515625 0.878125 0.078125 0.103125
0 0.66484375 0.9078125 0.1296875 0.1375
0 0.61484375 0.78203125 0.0625 0.1125
0 0.6984375 0.6828125 0.103125 0.103125
0 0.6984375 0.6375 0.096875 0.096875
0 0.6671875 0.58828125 0.05625 0.078125
0 0.7109375 0.496875 0.053125 0.125
0 0.671875 0.42734375 0.04375 0.2390625
0 0.70546875 0.21953125 0.096875 0.15
0 0.70703125 0.29765625 0.075 0.1046875
0 0.70078125 0.39921875 0.053125 0.0625
0 0.6390625 0.21328125 0.096875 0.053125
0 0.64296875 0.0859375 0.084375 0.05
0 0.57734375 0.03125 0.1 0.059375
0 0.50625 0.1140625 0.071875 0.10625
0 0.6078125 0.146875 0.121875 0.109375
0 0.5296875 0.21484375 0.096875 0.065625
0 0.534375 0.17578125 0.071875 0.08125
0 0.62421875 0.41875 0.0703125 0.115625
0 0.59453125 0.5671875 0.059375 0.0921875
0 0.62890625 0.6515625 0.04375 0.059375
0 0.6046875 0.6625 0.0765625 0.1109375
0 0.5453125 0.8359375 0.034375 0.125
0 0.5078125 0.640625 0.084375 0.0578125
0 0.49375 0.70859375 0.0671875 0.0734375
0 0.48671875 0.828125 0.090625 0.0921875
0 0.56015625 0.3265625 0.046875 0.0703125
0 0.48671875 0.540625 0.10625 0.084375
0 0.43828125 0.56484375 0.059375 0.115625
0 0.4046875 0.58203125 0.0796875 0.096875
0 0.39453125 0.78515625 0.09375 0.146875
0 0.36875 0.78359375 0.0546875 0.0953125
0 0.33828125 0.76953125 0.0375 0.20625
0 0.39453125 0.96796875 0.0375 0.0640625
0 0.4515625 0.06953125 0.053125 0.1375
0 0.296875 0.1015625 0.1359375 0.084375
0 0.184375 0.021875 0.09375 0.04375
0 0.20390625 0.159375 0.128125 0.13125
0 0.25078125 0.1546875 0.0890625 0.1125
0 0.28828125 0.1390625 0.128125 0.10625
0 0.2515625 0.2765625 0.0828125 0.1
0 0.3671875 0.228125 0.078125 0.0625
0 0.121875 0.19609375 0.1046875 0.115625
0 0.06328125 0.39765625 0.1171875 0.2734375
0 0.03125 0.29609375 0.0625 0.0953125
0 0.103125 0.41171875 0.078125 0.171875
0 0.08203125 0.5875 0.1234375 0.065625
0 0.07578125 0.640625 0.08125 0.071875
0 0.11796875 0.70390625 0.078125 0.1015625
0 0.08359375 0.7578125 0.1671875 0.1140625
0 0.196875 0.909375 0.0578125 0.18125
0 0.2671875 0.91328125 0.1 0.1734375
0 0.3515625 0.98828125 0.0828125 0.0234375
0 0.209375 0.6765625 0.1265625 0.125
0 0.20625 0.625 0.1125 0.08125
0 0.14921875 0.54140625 0.065625 0.0625
0 0.21015625 0.5671875 0.0875 0.134375
0 0.25625 0.57578125 0.103125 0.14375
0 0.28046875 0.55078125 0.0859375 0.1234375
0 0.35703125 0.4328125 0.109375 0.090625
0 0.39765625 0.3984375 0.0875 0.0375
0 0.45078125 0.375 0.065625 0.134375
0 0.43125 0.2796875 0.1390625 0.053125
0 0.4203125 0.265625 0.0953125 0.053125
0 0.41640625 0.2328125 0.053125 0.05625
0 0.3484375 0.32890625 0.075 0.1203125