0 0.96953125 0.35234375 0.059375 0.2625
0 0.93984375 0.15625 0.10625 0.1203125
0 0.95234375 0.6875 0.0953125 0.10625
0 0.9515625 0.64140625 0.08125 0.0890625
0 0.9765625 0.58203125 0.046875 0.0671875
0 0.96328125 0.534375 0.0734375 0.0609375
0 0.91953125 0.49140625 0.065625 0.059375
0 0.8796875 0.85390625 0.0609375 0.20625
0 0.815625 0.85078125 0.090625 0.196875
0 0.74296875 0.93046875 0.084375 0.0640625
0 0.6953125 0.9328125 0.0421875 0.134375
0 0.67578125 0.9671875 0.0578125 0.065625
0 0.534375 0.9546875 0.059375 0.090625
0 0.4734375 0.98828125 0.065625 0.0234375
0 0.74453125 0.7046875 0.046875 0.1796875
0 0.7953125 0.50234375 0.08125 0.1125
0 0.8234375 0.51953125 0.096875 0.14375
0 0.86484375 0.515625 0.078125 0.1265625
0 0.86796875 0.5703125 0.1046875 0.0875
0 0.86640625 0.61953125 0.11875 0.1203125
0 0.81796875 0.240625 0.078125 0.1
0 0.96328125 0.36796875 0.0703125 0.15625
0 0.86015625 0.128125 0.1203125 0.1265625
0 0.815625 0.1234375 0.084375 0.11875
0 0.778125 0.11171875 0.125 0.1078125
0 0.7703125 0.07578125 0.128125 0.084375
0 0.621875 0.06015625 0.05 0.1203125
0 0.70703125 0.19296875 0.078125 0.075
0 0.72734375 0.296875 0.071875 0.103125
0 0.678125 0.3609375 0.084375 0.05
0 0.721875 0.3921875 0.103125 0.0984375
0 0.6859375 0.5390625 0.075 0.084375
0 0.65 0.51953125 0.0609375 0.109375
0 0.603125 0.4921875 0.1078125 0.0921875
0 0.59609375 0.65703125 0.06875 0.065625
0 0.58359375 0.590625 0.0828125 0.05625
0 0.61015625 0.76640625 0.0875 0.090625
0 0.553125 0.771875 0.034375 0.125
0 0.6953125 0.72421875 0.0921875 0.1359375
0 0.71953125 0.721875 0.0546875 0.084375
0 0.64609375 0.25390625 0.13125 0.059375
0 0.6609375 0.21171875 0.0484375 0.065625
0 0.659375 0.234375 0.0890625 0.046875
0 0.5734375 0.1 0.0671875 0.10625
0 0.5546875 0.2 0.09375 0.06875
0 0.54921875 0.15625 0.065625 0.0734375
0 0.53046875 0.303125 0.046875 0.065625
0 0.44921875 0.84375 0.11875 0.134375
0 0.36484375 0.875 0.034375 0.0828125
0 0.36015625 0.77421875 0.10625 0.075
0 0.42890625 0.815625 0.06875 0.090625
0 0.49375 0.72734375 0.05 0.1125
0 0.4953125 0.61796875 0.075 0.1
0 0.4703125 0.60546875 0.04375 0.05
0 0.50234375 0.53125 0.0546875 0.0953125
0 0.47265625 0.3921875 0.0625 0.1140625
0 0.4296875 0.4015625 0.0375 0.2296875
0 0.39296875 0.275 0.0625 0.103125
0 0.38515625 0.20703125 0.090625 0.15
0 0.45546875 0.1984375 0.090625 0.053125
0 0.47421875 0.13359375 0.10625 0.10625
0 0.44296875 0.07890625 0.0828125 0.05
0 0.503125 0.02421875 0.09375 0.0484375
0 0.43671875 0.54609375 0.0484375 0.078125
0 0.39140625 0.4625 0.05 0.1234375
0 0.4 0.37265625 0.046875 0.0625
0 0.2875 0.34453125 0.096875 0.06875
0 0.26953125 0.24921875 0.0859375 0.084375
0 0.27421875 0.1125 0.0609375 0.1640625
0 0.2359375 0.08359375 0.034375 0.121875
0 0.29296875 0.42578125 0.1109375 0.103125
0 0.3296875 0.5078125 0.0640625 0.11875
0 0.31875 0.57578125 0.0578125 0.10625
0 0.29921875 0.61484375 0.0609375 0.065625
0 0.26171875 0.53671875 0.078125 0.0546875
0 0.253125 0.57109375 0.1125 0.075
0 0.25546875 0.6796875 0.075 0.08125
0 0.40703125 0.58984375 0.0953125 0.1015625
0 0.41015625 0.63671875 0.096875 0.0953125
0 0.3453125 0.63125 0.05 0.125
0 0.29765625 0.7125 0.046875 0.0921875
0 0.26171875 0.7453125 0.0421875 0.1140625
0 0.26328125 0.859375 0.1453125 0.0953125
0 0.21171875 0.46796875 0.0546875 0.0625
0 0.184375 0.39921875 0.09375 0.1078125
0 0.159375 0.49765625 0.053125 0.06875
0 0.17734375 0.5609375 0.0625 0.096875
0 0.16171875 0.7265625 0.071875 0.1515625
0 0.11796875 0.76171875 0.0546875 0.071875
0 0.090625 0.60546875 0.0828125 0.0671875
0 0.03828125 0.53515625 0.0765625 0.0515625
0 0.05703125 0.47421875 0.046875 0.1375
0 0.06875 0.34609375 0.075 0.0875
0 0.12109375 0.29140625 0.084375 0.053125
0 0.13828125 0.2234375 0.1328125 0.05625
0 0.63515625 0.33671875 0.059375 0.1234375