0 0.2796875 0.03984375 0.1265625 0.07890625
0 0.56484375 0.075 0.0703125 0.11328125
0 0.65625 0.071875 0.15 0.05078125
0 0.640625 0.1484375 0.134375 0.05859375
0 0.75625 0.3109375 0.1859375 0.31171875
0 0.78984375 0.28359375 0.03359375 0.084375
0 0.83203125 0.2640625 0.0546875 0.125
0 0.88203125 0.234375 0.11875 0.1140625
0 0.91640625 0.3765625 0.11328125 0.22421875
0 0.8109375 0.39296875 0.13359375 0.20078125
0 0.78984375 0.35859375 0.08671875 0.0546875
0 0.7109375 0.22890625 0.19609375 0.09453125
0 0.6640625 0.2890625 0.07734375 0.11953125
0 0.67734375 0.3859375 0.09921875 0.121875
0 0.72890625 0.2671875 0.0984375 0.08359375
0 0.775 0.528125 0.1328125 0.071875
0 0.8046875 0.59296875 0.06171875 0.04375
0 0.95 0.51015625 0.1 0.1078125
0 0.96796875 0.60625 0.0640625 0.05859375
0 0.93671875 0.65546875 0.12578125 0.04609375
0 0.9578125 0.7828125 0.084375 0.05234375
0 0.909375 0.765625 0.04765625 0.12109375
0 0.97265625 0.86015625 0.05390625 0.075
0 0.96328125 0.88515625 0.07265625 0.11328125
0 0.91484375 0.89296875 0.09921875 0.03984375
0 0.8734375 0.86953125 0.1 0.05078125
0 0.87265625 0.90234375 0.05859375 0.034375
0 0.97734375 0.971875 0.0453125 0.03984375
0 0.85234375 0.9265625 0.24609375 0.05546875
0 0.8078125 0.94375 0.134375 0.05390625
0 0.66953125 0.928125 0.04921875 0.06640625
0 0.6390625 0.896875 0.21171875 0.07265625
0 0.72578125 0.85703125 0.19453125 0.04375
0 0.79921875 0.8171875 0.21328125 0.08046875
0 0.86640625 0.7640625 0.084375 0.0671875
0 0.72734375 0.80546875 0.11953125 0.0953125
0 0.70859375 0.8234375 0.15078125 0.06875
0 0.7515625 0.77109375 0.08515625 0.0671875
0 0.66796875 0.73125 0.23828125 0.04921875
0 0.5859375 0.76875 0.08984375 0.0546875
0 0.596875 0.78359375 0.06875 0.040625
0 0.5828125 0.85703125 0.1390625 0.0890625
0 0.56171875 0.8453125 0.2046875 0.11875
0 0.51171875 0.93828125 0.1078125 0.0578125
0 0.6125 0.9671875 0.071875 0.065625
0 0.640625 0.96640625 0.053125 0.0515625
0 0.56875 0.9796875 0.034375 0.03984375
0 0.553125 0.9609375 0.0609375 0.078125
0 0.52578125 0.9671875 0.06484375 0.06484375
0 0.48125 0.975 0.046875 0.05
0 0.46796875 0.95625 0.07109375 0.08671875
0 0.37890625 0.95546875 0.14140625 0.08828125
0 0.44296875 0.89296875 0.07890625 0.0625
0 0.446875 0.84765625 0.14921875 0.08125
0 0.31015625 0.97421875 0.2046875 0.0515625
0 0.15625 0.9546875 0.10625 0.05390625
0 0.1078125 0.91796875 0.12109375 0.04375
0 0.2375 0.915625 0.15625 0.053125
0 0.33125 0.91953125 0.078125 0.053125
0 0.25703125 0.9390625 0.10859375 0.0546875
0 0.28671875 0.87734375 0.13828125 0.05625
0 0.24921875 0.8890625 0.13828125 0.06171875
0 0.190625 0.87265625 0.05703125 0.1203125
0 0.1109375 0.86171875 0.1453125 0.05625
0 0.04765625 0.8296875 0.0953125 0.03515625
0 0.134375 0.8328125 0.09375 0.04140625
0 0.1890625 0.79296875 0.0609375 0.08984375
0 0.23671875 0.78828125 0.08515625 0.090625
0 0.26796875 0.75703125 0.03671875 0.12578125
0 0.23671875 0.8390625 0.07890625 0.04453125
0 0.3 0.7703125 0.05390625 0.21328125
0 0.38828125 0.89140625 0.06171875 0.05859375
0 0.34453125 0.8125 0.07890625 0.11484375
0 0.37890625 0.8 0.0484375 0.0390625
0 0.33828125 0.7421875 0.08515625 0.18984375
0 0.3453125 0.75390625 0.19296875 0.1109375
0 0.4765625 0.79296875 0.146875 0.0515625
0 0.54765625 0.75546875 0.04609375 0.0421875
0 0.50078125 0.72421875 0.05859375 0.09609375
0 0.45234375 0.746875 0.07109375 0.0640625
0 0.38984375 0.70390625 0.1140625 0.04453125
0 0.37265625 0.6765625 0.096875 0.040625
0 0.4578125 0.6921875 0.07265625 0.13203125
0 0.47890625 0.64609375 0.0578125 0.04296875
0 0.57421875 0.6421875 0.1140625 0.04296875
0 0.6359375 0.6828125 0.0875 0.0953125
0 0.134375 0.78828125 0.071875 0.0953125
0 0.053125 0.79765625 0.07578125 0.06015625
0 0.1078125 0.79140625 0.07578125 0.05234375
0 0.0875 0.73671875 0.07421875 0.11953125
0 0.15234375 0.71015625 0.08359375 0.053125
0 0.21953125 0.6953125 0.07890625 0.04765625
0 0.21328125 0.7203125 0.0796875 0.0359375
0 0.23203125 0.74609375 0.09296875 0.03984375
0 0.0453125 0.7265625 0.07109375 0.1296875
0 0.021875 0.7265625 0.04375 0.0296875
0 0.02890625 0.6671875 0.0578125 0.0546875
0 0.028125 0.6921875 0.05625 0.03125
0 0.021875 0.62578125 0.04375 0.0453125
0 0.05078125 0.6359375 0.0390625 0.0609375
0 0.19140625 0.6640625 0.12421875 0.0765625
0 0.09453125 0.6140625 0.18828125 0.0953125
0 0.159375 0.59921875 0.20078125 0.08203125
0 0.228125 0.6109375 0.096875 0.04609375
0 0.1703125 0.6171875 0.03046875 0.03515625
0 0.1203125 0.5734375 0.08125 0.03984375
0 0.07421875 0.6390625 0.08671875 0.08359375
0 0.26328125 0.6609375 0.0796875 0.06875
0 0.3265625 0.6390625 0.09921875 0.07109375
0 0.334375 0.58359375 0.171875 0.11875
0 0.409375 0.6109375 0.08828125 0.046875
0 0.4515625 0.61015625 0.28203125 0.109375
0 0.5421875 0.60390625 0.1625 0.05703125
0 0.68515625 0.6125 0.11796875 0.07890625
0 0.64921875 0.540625 0.06796875 0.04453125
0 0.5828125 0.57421875 0.1859375 0.0671875
0 0.56953125 0.54609375 0.0625 0.04609375
0 0.49453125 0.54140625 0.1390625 0.0609375
0 0.36796875 0.5484375 0.165625 0.0546875
0 0.34765625 0.54375 0.11875 0.0421875
0 0.425 0.51484375 0.1859375 0.05859375
0 0.36171875 0.50625 0.1875 0.05234375
0 0.57109375 0.49296875 0.16953125 0.0703125
0 0.634375 0.43828125 0.04140625 0.128125
0 0.60546875 0.4203125 0.034375 0.1453125
0 0.540625 0.4609375 0.0984375 0.03671875
0 0.525 0.44140625 0.14296875 0.0546875
0 0.57578125 0.32109375 0.15234375 0.07890625
0 0.5109375 0.33984375 0.19296875 0.05234375
0 0.496875 0.37421875 0.17109375 0.05703125
0 0.53359375 0.40234375 0.1265625 0.03671875
0 0.45390625 0.43515625 0.14140625 0.12265625
0 0.3875 0.46484375 0.10859375 0.096875
0 0.35859375 0.45546875 0.08359375 0.071875
0 0.328125 0.36796875 0.1796875 0.134375
0 0.37890625 0.35390625 0.115625 0.0828125
0 0.42265625 0.40078125 0.05078125 0.0328125
0 0.31171875 0.43046875 0.1328125 0.075
0 0.3078125 0.47109375 0.05234375 0.04921875
0 0.23671875 0.3921875 0.153125 0.13671875
0 0.29296875 0.37890625 0.0703125 0.06796875
0 0.2421875 0.3546875 0.07578125 0.034375
0 0.1671875 0.38828125 0.12578125 0.0546875
0 0.16796875 0.415625 0.14921875 0.05703125
0 0.19609375 0.46328125 0.13359375 0.078125
0 0.24609375 0.52421875 0.0671875 0.05859375
0 0.19609375 0.5390625 0.071875 0.0546875
0 0.19375 0.50703125 0.08828125 0.04453125
0 0.11171875 0.5484375 0.11484375 0.071875
0 0.11328125 0.515625 0.153125 0.1046875
0 0.0890625 0.49921875 0.1203125 0.071875
0 0.103125 0.45859375 0.08125 0.0546875
0 0.08828125 0.41328125 0.0640625 0.05859375
0 0.03828125 0.5234375 0.0765625 0.090625
0 0.0421875 0.44375 0.08359375 0.11015625
0 0.09921875 0.3765625 0.10859375 0.03828125
0 0.121875 0.35234375 0.09140625 0.0484375
0 0.175 0.31015625 0.09296875 0.06015625
0 0.23203125 0.31640625 0.07421875 0.07421875
0 0.1875 0.24453125 0.0421875 0.1015625
0 0.146875 0.2640625 0.0609375 0.07578125
0 0.15546875 0.2203125 0.08828125 0.12890625
0 0.09765625 0.27421875 0.05859375 0.08671875
0 0.09609375 0.328125 0.1625 0.10390625
0 0.0234375 0.33203125 0.046875 0.0515625
0 0.0140625 0.36953125 0.028125 0.04921875
0 0.02421875 0.39140625 0.0484375 0.0296875
0 0.0265625 0.28203125 0.053125 0.04375
0 0.02734375 0.22109375 0.0546875 0.0984375
0 0.025 0.16484375 0.05 0.04765625
0 0.034375 0.1265625 0.06796875 0.02421875
0 0.034375 0.09765625 0.06875 0.03203125
0 0.0765625 0.103125 0.12265625 0.10078125
0 0.05546875 0.15859375 0.1109375 0.0390625
0 0.17265625 0.11328125 0.11171875 0.0734375
0 0.13828125 0.178125 0.11640625 0.09765625
0 0.215625 0.24453125 0.05234375 0.0703125
0 0.2234375 0.1984375 0.08515625 0.0421875
0 0.23984375 0.15234375 0.12265625 0.08203125
0 0.2703125 0.15234375 0.10625 0.07265625
0 0.41328125 0.103125 0.16875 0.06015625
0 0.41171875 0.175 0.10859375 0.1546875
0 0.51796875 0.1640625 0.096875 0.08046875
0 0.4875 0.1484375 0.05078125 0.04609375
0 0.4546875 0.240625 0.08359375 0.153125
0 0.571875 0.23125 0.1609375 0.078125
0 0.60625 0.22265625 0.09765625 0.03515625
0 0.6125 0.19453125 0.2140625 0.04609375
0 0.59453125 0.23828125 0.225 0.07890625
0 0.415625 0.27421875 0.0375 0.1015625
0 0.42578125 0.31796875 0.06640625 0.10703125
0 0.35390625 0.2828125 0.14375 0.0703125
0 0.35078125 0.32890625 0.096875 0.040625
0 0.296875 0.2796875 0.07578125 0.07734375
0 0.26953125 0.2421875 0.13125 0.0703125
0 0.34140625 0.24296875 0.0609375 0.0890625
0 0.3203125 0.196875 0.14296875 0.04921875
0 0.31328125 0.1734375 0.10859375 0.04453125
0 0.98359375 0.15859375 0.0328125 0.1140625
0 0.98671875 0.8546875 0.0265625 0.0375