0 0.08359375 0.20234375 0.1671875 0.115625
0 0.0953125 0.3296875 0.128125 0.240625
0 0.15859375 0.36953125 0.0375 0.31875
0 0.0921875 0.52421875 0.0875 0.296875
0 0.04453125 0.6625 0.0890625 0.159375
0 0.01171875 0.79140625 0.021875 0.0609375
0 0.015625 0.93671875 0.03125 0.1078125
0 0.0390625 0.94453125 0.053125 0.1109375
0 0.0796875 0.9671875 0.1234375 0.065625
0 0.203125 0.97421875 0.15625 0.0515625
0 0.25703125 0.8671875 0.29375 0.1484375
0 0.22578125 0.784375 0.178125 0.0625
0 0.28203125 0.725 0.159375 0.121875
0 0.2890625 0.53046875 0.26875 0.3578125
0 0.29765625 0.3109375 0.18125 0.203125
0 0.20625 0.128125 0.140625 0.228125
0 0.3328125 0.09453125 0.109375 0.1890625
0 0.54765625 0.35859375 0.2 0.103125
0 0.378125 0.490625 0.065625 0.18125
0 0.32890625 0.6046875 0.084375 0.1859375
0 0.4171875 0.965625 0.14375 0.06875
0 0.4625 0.71953125 0.059375 0.115625
0 0.51484375 0.90390625 0.225 0.0546875
0 0.54140625 0.95859375 0.125 0.0828125
0 0.61328125 0.70859375 0.078125 0.3078125
0 0.49765625 0.721875 0.165625 0.3234375
0 0.70546875 0.08125 0.209375 0.0828125
0 0.90703125 0.08125 0.1859375 0.1625
0 0.85625 0.26484375 0.175 0.175
0 0.7734375 0.29765625 0.171875 0.10625
0 0.74921875 0.478125 0.1 0.13125
0 0.659375 0.915625 0.053125 0.16875
0 0.72734375 0.89375 0.109375 0.2125
0 0.84375 0.628125 0.1625 0.2375
0 0.83046875 0.5578125 0.25625 0.328125
0 0.9640625 0.87109375 0.06875 0.2578125
0 0.4046875 0.6484375 0.08125 0.1203125
0 0.36953125 0.79375 0.1015625 0.1125
0 0.45078125 0.040625 0.0921875 0.08125
0 0.8890625 0.9140625 0.15 0.171875
0 0.8625 0.85390625 0.078125 0.115625