0 0.93515625 0.021875 0.1296875 0.04375
0 0.553125 0.046875 0.2828125 0.09375
0 0.1078125 0.0796875 0.215625 0.08125
0 0.11015625 0.22734375 0.2203125 0.090625
0 0.596875 0.24609375 0.346875 0.11875
0 0.93046875 0.1640625 0.1390625 0.09375
0 0.65078125 0.43671875 0.35625 0.096875
0 0.1203125 0.42890625 0.240625 0.11875
0 0.690625 0.60234375 0.259375 0.090625
0 0.128125 0.61484375 0.25625 0.0875
0 0.69609375 0.71953125 0.26875 0.096875
0 0.1796875 0.79140625 0.359375 0.1609375
0 0.71328125 0.87421875 0.31875 0.1109375
0 0.14140625 0.9671875 0.28125 0.065625
0 0.6734375 0.97109375 0.26875 0.05625