0 0.01640625 0.33828125 0.0328125 0.15
0 0.09765625 0.3375 0.04375 0.0734375
0 0.1640625 0.33125 0.04375 0.121875
0 0.2421875 0.309375 0.034375 0.115625
0 0.31171875 0.30546875 0.04375 0.1375
0 0.39375 0.32265625 0.065625 0.146875
0 0.471875 0.3 0.0484375 0.1421875
0 0.50546875 0.47890625 0.028125 0.0921875
0 0.56796875 0.5890625 0.0234375 0.13125
0 0.55625 0.284375 0.040625 0.16875
0 0.6203125 0.28984375 0.034375 0.1625
0 0.67578125 0.2671875 0.0390625 0.1125
0 0.75 0.27734375 0.0625 0.121875
0 0.0796875 0.5703125 0.053125 0.1578125
0 0.053125 0.975 0.05 0.05
0 0.06796875 0.78671875 0.0390625 0.178125
0 0.13515625 0.7734375 0.046875 0.159375
0 0.1359375 0.9625 0.0375 0.075
0 0.1390625 0.56953125 0.034375 0.109375
0 0.2125 0.54921875 0.0375 0.096875
0 0.29375 0.54609375 0.040625 0.121875
0 0.86953125 0.26953125 0.046875 0.1875
0 0.97109375 0.4484375 0.053125 0.16875
0 0.878125 0.4703125 0.040625 0.121875
0 0.8 0.4859375 0.053125 0.178125
0 0.71328125 0.48359375 0.0375 0.15625
0 0.640625 0.50625 0.034375 0.125
0 0.5859375 0.6046875 0.025 0.0625
0 0.6125 0.72421875 0.028125 0.04375
0 0.49453125 0.71484375 0.0359375 0.1015625
0 0.69375 0.69609375 0.053125 0.1265625
0 0.7515625 0.71796875 0.028125 0.05625
0 0.8046875 0.69765625 0.0265625 0.1140625
0 0.87578125 0.69375 0.0375 0.1171875
0 0.965625 0.70859375 0.046875 0.13125
0 0.9609375 0.87421875 0.05625 0.125
0 0.9109375 0.8984375 0.028125 0.115625
0 0.83359375 0.93046875 0.03125 0.1390625
0 0.7484375 0.94140625 0.0484375 0.115625
0 0.6609375 0.91796875 0.046875 0.10625
0 0.58359375 0.9375 0.034375 0.125
0 0.478125 0.94296875 0.046875 0.1140625
0 0.42890625 0.73125 0.034375 0.121875
0 0.38515625 0.9359375 0.0359375 0.128125
0 0.38203125 0.5234375 0.04375 0.13125
0 0.3421875 0.75390625 0.028125 0.1453125
0 0.27109375 0.76015625 0.028125 0.1109375
0 0.21015625 0.80234375 0.034375 0.05625
0 0.22265625 0.9625 0.04375 0.075
0 0.29609375 0.9671875 0.0390625 0.065625
0 0.44140625 0.53203125 0.040625 0.121875